Start,01/01/1992
End,12/31/2012
Frequency,D
Name,MUSTEK - TURNOVER BY VOLUME
Code,889165(VO)
CURRENCY,R
01/01/1992,NA
01/02/1992,NA
01/03/1992,NA
01/06/1992,NA
01/07/1992,NA
01/08/1992,NA
01/09/1992,NA
01/10/1992,NA
01/13/1992,NA
01/14/1992,NA
01/15/1992,NA
01/16/1992,NA
01/17/1992,NA
01/20/1992,NA
01/21/1992,NA
01/22/1992,NA
01/23/1992,NA
01/24/1992,NA
01/27/1992,NA
01/28/1992,NA
01/29/1992,NA
01/30/1992,NA
01/31/1992,NA
02/03/1992,NA
02/04/1992,NA
02/05/1992,NA
02/06/1992,NA
02/07/1992,NA
02/10/1992,NA
02/11/1992,NA
02/12/1992,NA
02/13/1992,NA
02/14/1992,NA
02/17/1992,NA
02/18/1992,NA
02/19/1992,NA
02/20/1992,NA
02/21/1992,NA
02/24/1992,NA
02/25/1992,NA
02/26/1992,NA
02/27/1992,NA
02/28/1992,NA
03/02/1992,NA
03/03/1992,NA
03/04/1992,NA
03/05/1992,NA
03/06/1992,NA
03/09/1992,NA
03/10/1992,NA
03/11/1992,NA
03/12/1992,NA
03/13/1992,NA
03/16/1992,NA
03/17/1992,NA
03/18/1992,NA
03/19/1992,NA
03/20/1992,NA
03/23/1992,NA
03/24/1992,NA
03/25/1992,NA
03/26/1992,NA
03/27/1992,NA
03/30/1992,NA
03/31/1992,NA
04/01/1992,NA
04/02/1992,NA
04/03/1992,NA
04/06/1992,NA
04/07/1992,NA
04/08/1992,NA
04/09/1992,NA
04/10/1992,NA
04/13/1992,NA
04/14/1992,NA
04/15/1992,NA
04/16/1992,NA
04/17/1992,NA
04/20/1992,NA
04/21/1992,NA
04/22/1992,NA
04/23/1992,NA
04/24/1992,NA
04/27/1992,NA
04/28/1992,NA
04/29/1992,NA
04/30/1992,NA
05/01/1992,NA
05/04/1992,NA
05/05/1992,NA
05/06/1992,NA
05/07/1992,NA
05/08/1992,NA
05/11/1992,NA
05/12/1992,NA
05/13/1992,NA
05/14/1992,NA
05/15/1992,NA
05/18/1992,NA
05/19/1992,NA
05/20/1992,NA
05/21/1992,NA
05/22/1992,NA
05/25/1992,NA
05/26/1992,NA
05/27/1992,NA
05/28/1992,NA
05/29/1992,NA
06/01/1992,NA
06/02/1992,NA
06/03/1992,NA
06/04/1992,NA
06/05/1992,NA
06/08/1992,NA
06/09/1992,NA
06/10/1992,NA
06/11/1992,NA
06/12/1992,NA
06/15/1992,NA
06/16/1992,NA
06/17/1992,NA
06/18/1992,NA
06/19/1992,NA
06/22/1992,NA
06/23/1992,NA
06/24/1992,NA
06/25/1992,NA
06/26/1992,NA
06/29/1992,NA
06/30/1992,NA
07/01/1992,NA
07/02/1992,NA
07/03/1992,NA
07/06/1992,NA
07/07/1992,NA
07/08/1992,NA
07/09/1992,NA
07/10/1992,NA
07/13/1992,NA
07/14/1992,NA
07/15/1992,NA
07/16/1992,NA
07/17/1992,NA
07/20/1992,NA
07/21/1992,NA
07/22/1992,NA
07/23/1992,NA
07/24/1992,NA
07/27/1992,NA
07/28/1992,NA
07/29/1992,NA
07/30/1992,NA
07/31/1992,NA
08/03/1992,NA
08/04/1992,NA
08/05/1992,NA
08/06/1992,NA
08/07/1992,NA
08/10/1992,NA
08/11/1992,NA
08/12/1992,NA
08/13/1992,NA
08/14/1992,NA
08/17/1992,NA
08/18/1992,NA
08/19/1992,NA
08/20/1992,NA
08/21/1992,NA
08/24/1992,NA
08/25/1992,NA
08/26/1992,NA
08/27/1992,NA
08/28/1992,NA
08/31/1992,NA
09/01/1992,NA
09/02/1992,NA
09/03/1992,NA
09/04/1992,NA
09/07/1992,NA
09/08/1992,NA
09/09/1992,NA
09/10/1992,NA
09/11/1992,NA
09/14/1992,NA
09/15/1992,NA
09/16/1992,NA
09/17/1992,NA
09/18/1992,NA
09/21/1992,NA
09/22/1992,NA
09/23/1992,NA
09/24/1992,NA
09/25/1992,NA
09/28/1992,NA
09/29/1992,NA
09/30/1992,NA
10/01/1992,NA
10/02/1992,NA
10/05/1992,NA
10/06/1992,NA
10/07/1992,NA
10/08/1992,NA
10/09/1992,NA
10/12/1992,NA
10/13/1992,NA
10/14/1992,NA
10/15/1992,NA
10/16/1992,NA
10/19/1992,NA
10/20/1992,NA
10/21/1992,NA
10/22/1992,NA
10/23/1992,NA
10/26/1992,NA
10/27/1992,NA
10/28/1992,NA
10/29/1992,NA
10/30/1992,NA
11/02/1992,NA
11/03/1992,NA
11/04/1992,NA
11/05/1992,NA
11/06/1992,NA
11/09/1992,NA
11/10/1992,NA
11/11/1992,NA
11/12/1992,NA
11/13/1992,NA
11/16/1992,NA
11/17/1992,NA
11/18/1992,NA
11/19/1992,NA
11/20/1992,NA
11/23/1992,NA
11/24/1992,NA
11/25/1992,NA
11/26/1992,NA
11/27/1992,NA
11/30/1992,NA
12/01/1992,NA
12/02/1992,NA
12/03/1992,NA
12/04/1992,NA
12/07/1992,NA
12/08/1992,NA
12/09/1992,NA
12/10/1992,NA
12/11/1992,NA
12/14/1992,NA
12/15/1992,NA
12/16/1992,NA
12/17/1992,NA
12/18/1992,NA
12/21/1992,NA
12/22/1992,NA
12/23/1992,NA
12/24/1992,NA
12/25/1992,NA
12/28/1992,NA
12/29/1992,NA
12/30/1992,NA
12/31/1992,NA
01/01/1993,NA
01/04/1993,NA
01/05/1993,NA
01/06/1993,NA
01/07/1993,NA
01/08/1993,NA
01/11/1993,NA
01/12/1993,NA
01/13/1993,NA
01/14/1993,NA
01/15/1993,NA
01/18/1993,NA
01/19/1993,NA
01/20/1993,NA
01/21/1993,NA
01/22/1993,NA
01/25/1993,NA
01/26/1993,NA
01/27/1993,NA
01/28/1993,NA
01/29/1993,NA
02/01/1993,NA
02/02/1993,NA
02/03/1993,NA
02/04/1993,NA
02/05/1993,NA
02/08/1993,NA
02/09/1993,NA
02/10/1993,NA
02/11/1993,NA
02/12/1993,NA
02/15/1993,NA
02/16/1993,NA
02/17/1993,NA
02/18/1993,NA
02/19/1993,NA
02/22/1993,NA
02/23/1993,NA
02/24/1993,NA
02/25/1993,NA
02/26/1993,NA
03/01/1993,NA
03/02/1993,NA
03/03/1993,NA
03/04/1993,NA
03/05/1993,NA
03/08/1993,NA
03/09/1993,NA
03/10/1993,NA
03/11/1993,NA
03/12/1993,NA
03/15/1993,NA
03/16/1993,NA
03/17/1993,NA
03/18/1993,NA
03/19/1993,NA
03/22/1993,NA
03/23/1993,NA
03/24/1993,NA
03/25/1993,NA
03/26/1993,NA
03/29/1993,NA
03/30/1993,NA
03/31/1993,NA
04/01/1993,NA
04/02/1993,NA
04/05/1993,NA
04/06/1993,NA
04/07/1993,NA
04/08/1993,NA
04/09/1993,NA
04/12/1993,NA
04/13/1993,NA
04/14/1993,NA
04/15/1993,NA
04/16/1993,NA
04/19/1993,NA
04/20/1993,NA
04/21/1993,NA
04/22/1993,NA
04/23/1993,NA
04/26/1993,NA
04/27/1993,NA
04/28/1993,NA
04/29/1993,NA
04/30/1993,NA
05/03/1993,NA
05/04/1993,NA
05/05/1993,NA
05/06/1993,NA
05/07/1993,NA
05/10/1993,NA
05/11/1993,NA
05/12/1993,NA
05/13/1993,NA
05/14/1993,NA
05/17/1993,NA
05/18/1993,NA
05/19/1993,NA
05/20/1993,NA
05/21/1993,NA
05/24/1993,NA
05/25/1993,NA
05/26/1993,NA
05/27/1993,NA
05/28/1993,NA
05/31/1993,NA
06/01/1993,NA
06/02/1993,NA
06/03/1993,NA
06/04/1993,NA
06/07/1993,NA
06/08/1993,NA
06/09/1993,NA
06/10/1993,NA
06/11/1993,NA
06/14/1993,NA
06/15/1993,NA
06/16/1993,NA
06/17/1993,NA
06/18/1993,NA
06/21/1993,NA
06/22/1993,NA
06/23/1993,NA
06/24/1993,NA
06/25/1993,NA
06/28/1993,NA
06/29/1993,NA
06/30/1993,NA
07/01/1993,NA
07/02/1993,NA
07/05/1993,NA
07/06/1993,NA
07/07/1993,NA
07/08/1993,NA
07/09/1993,NA
07/12/1993,NA
07/13/1993,NA
07/14/1993,NA
07/15/1993,NA
07/16/1993,NA
07/19/1993,NA
07/20/1993,NA
07/21/1993,NA
07/22/1993,NA
07/23/1993,NA
07/26/1993,NA
07/27/1993,NA
07/28/1993,NA
07/29/1993,NA
07/30/1993,NA
08/02/1993,NA
08/03/1993,NA
08/04/1993,NA
08/05/1993,NA
08/06/1993,NA
08/09/1993,NA
08/10/1993,NA
08/11/1993,NA
08/12/1993,NA
08/13/1993,NA
08/16/1993,NA
08/17/1993,NA
08/18/1993,NA
08/19/1993,NA
08/20/1993,NA
08/23/1993,NA
08/24/1993,NA
08/25/1993,NA
08/26/1993,NA
08/27/1993,NA
08/30/1993,NA
08/31/1993,NA
09/01/1993,NA
09/02/1993,NA
09/03/1993,NA
09/06/1993,NA
09/07/1993,NA
09/08/1993,NA
09/09/1993,NA
09/10/1993,NA
09/13/1993,NA
09/14/1993,NA
09/15/1993,NA
09/16/1993,NA
09/17/1993,NA
09/20/1993,NA
09/21/1993,NA
09/22/1993,NA
09/23/1993,NA
09/24/1993,NA
09/27/1993,NA
09/28/1993,NA
09/29/1993,NA
09/30/1993,NA
10/01/1993,NA
10/04/1993,NA
10/05/1993,NA
10/06/1993,NA
10/07/1993,NA
10/08/1993,NA
10/11/1993,NA
10/12/1993,NA
10/13/1993,NA
10/14/1993,NA
10/15/1993,NA
10/18/1993,NA
10/19/1993,NA
10/20/1993,NA
10/21/1993,NA
10/22/1993,NA
10/25/1993,NA
10/26/1993,NA
10/27/1993,NA
10/28/1993,NA
10/29/1993,NA
11/01/1993,NA
11/02/1993,NA
11/03/1993,NA
11/04/1993,NA
11/05/1993,NA
11/08/1993,NA
11/09/1993,NA
11/10/1993,NA
11/11/1993,NA
11/12/1993,NA
11/15/1993,NA
11/16/1993,NA
11/17/1993,NA
11/18/1993,NA
11/19/1993,NA
11/22/1993,NA
11/23/1993,NA
11/24/1993,NA
11/25/1993,NA
11/26/1993,NA
11/29/1993,NA
11/30/1993,NA
12/01/1993,NA
12/02/1993,NA
12/03/1993,NA
12/06/1993,NA
12/07/1993,NA
12/08/1993,NA
12/09/1993,NA
12/10/1993,NA
12/13/1993,NA
12/14/1993,NA
12/15/1993,NA
12/16/1993,NA
12/17/1993,NA
12/20/1993,NA
12/21/1993,NA
12/22/1993,NA
12/23/1993,NA
12/24/1993,NA
12/27/1993,NA
12/28/1993,NA
12/29/1993,NA
12/30/1993,NA
12/31/1993,NA
01/03/1994,NA
01/04/1994,NA
01/05/1994,NA
01/06/1994,NA
01/07/1994,NA
01/10/1994,NA
01/11/1994,NA
01/12/1994,NA
01/13/1994,NA
01/14/1994,NA
01/17/1994,NA
01/18/1994,NA
01/19/1994,NA
01/20/1994,NA
01/21/1994,NA
01/24/1994,NA
01/25/1994,NA
01/26/1994,NA
01/27/1994,NA
01/28/1994,NA
01/31/1994,NA
02/01/1994,NA
02/02/1994,NA
02/03/1994,NA
02/04/1994,NA
02/07/1994,NA
02/08/1994,NA
02/09/1994,NA
02/10/1994,NA
02/11/1994,NA
02/14/1994,NA
02/15/1994,NA
02/16/1994,NA
02/17/1994,NA
02/18/1994,NA
02/21/1994,NA
02/22/1994,NA
02/23/1994,NA
02/24/1994,NA
02/25/1994,NA
02/28/1994,NA
03/01/1994,NA
03/02/1994,NA
03/03/1994,NA
03/04/1994,NA
03/07/1994,NA
03/08/1994,NA
03/09/1994,NA
03/10/1994,NA
03/11/1994,NA
03/14/1994,NA
03/15/1994,NA
03/16/1994,NA
03/17/1994,NA
03/18/1994,NA
03/21/1994,NA
03/22/1994,NA
03/23/1994,NA
03/24/1994,NA
03/25/1994,NA
03/28/1994,NA
03/29/1994,NA
03/30/1994,NA
03/31/1994,NA
04/01/1994,NA
04/04/1994,NA
04/05/1994,NA
04/06/1994,NA
04/07/1994,NA
04/08/1994,NA
04/11/1994,NA
04/12/1994,NA
04/13/1994,NA
04/14/1994,NA
04/15/1994,NA
04/18/1994,NA
04/19/1994,NA
04/20/1994,NA
04/21/1994,NA
04/22/1994,NA
04/25/1994,NA
04/26/1994,NA
04/27/1994,NA
04/28/1994,NA
04/29/1994,NA
05/02/1994,NA
05/03/1994,NA
05/04/1994,NA
05/05/1994,NA
05/06/1994,NA
05/09/1994,NA
05/10/1994,NA
05/11/1994,NA
05/12/1994,NA
05/13/1994,NA
05/16/1994,NA
05/17/1994,NA
05/18/1994,NA
05/19/1994,NA
05/20/1994,NA
05/23/1994,NA
05/24/1994,NA
05/25/1994,NA
05/26/1994,NA
05/27/1994,NA
05/30/1994,NA
05/31/1994,NA
06/01/1994,NA
06/02/1994,NA
06/03/1994,NA
06/06/1994,NA
06/07/1994,NA
06/08/1994,NA
06/09/1994,NA
06/10/1994,NA
06/13/1994,NA
06/14/1994,NA
06/15/1994,NA
06/16/1994,NA
06/17/1994,NA
06/20/1994,NA
06/21/1994,NA
06/22/1994,NA
06/23/1994,NA
06/24/1994,NA
06/27/1994,NA
06/28/1994,NA
06/29/1994,NA
06/30/1994,NA
07/01/1994,NA
07/04/1994,NA
07/05/1994,NA
07/06/1994,NA
07/07/1994,NA
07/08/1994,NA
07/11/1994,NA
07/12/1994,NA
07/13/1994,NA
07/14/1994,NA
07/15/1994,NA
07/18/1994,NA
07/19/1994,NA
07/20/1994,NA
07/21/1994,NA
07/22/1994,NA
07/25/1994,NA
07/26/1994,NA
07/27/1994,NA
07/28/1994,NA
07/29/1994,NA
08/01/1994,NA
08/02/1994,NA
08/03/1994,NA
08/04/1994,NA
08/05/1994,NA
08/08/1994,NA
08/09/1994,NA
08/10/1994,NA
08/11/1994,NA
08/12/1994,NA
08/15/1994,NA
08/16/1994,NA
08/17/1994,NA
08/18/1994,NA
08/19/1994,NA
08/22/1994,NA
08/23/1994,NA
08/24/1994,NA
08/25/1994,NA
08/26/1994,NA
08/29/1994,NA
08/30/1994,NA
08/31/1994,NA
09/01/1994,NA
09/02/1994,NA
09/05/1994,NA
09/06/1994,NA
09/07/1994,NA
09/08/1994,NA
09/09/1994,NA
09/12/1994,NA
09/13/1994,NA
09/14/1994,NA
09/15/1994,NA
09/16/1994,NA
09/19/1994,NA
09/20/1994,NA
09/21/1994,NA
09/22/1994,NA
09/23/1994,NA
09/26/1994,NA
09/27/1994,NA
09/28/1994,NA
09/29/1994,NA
09/30/1994,NA
10/03/1994,NA
10/04/1994,NA
10/05/1994,NA
10/06/1994,NA
10/07/1994,NA
10/10/1994,NA
10/11/1994,NA
10/12/1994,NA
10/13/1994,NA
10/14/1994,NA
10/17/1994,NA
10/18/1994,NA
10/19/1994,NA
10/20/1994,NA
10/21/1994,NA
10/24/1994,NA
10/25/1994,NA
10/26/1994,NA
10/27/1994,NA
10/28/1994,NA
10/31/1994,NA
11/01/1994,NA
11/02/1994,NA
11/03/1994,NA
11/04/1994,NA
11/07/1994,NA
11/08/1994,NA
11/09/1994,NA
11/10/1994,NA
11/11/1994,NA
11/14/1994,NA
11/15/1994,NA
11/16/1994,NA
11/17/1994,NA
11/18/1994,NA
11/21/1994,NA
11/22/1994,NA
11/23/1994,NA
11/24/1994,NA
11/25/1994,NA
11/28/1994,NA
11/29/1994,NA
11/30/1994,NA
12/01/1994,NA
12/02/1994,NA
12/05/1994,NA
12/06/1994,NA
12/07/1994,NA
12/08/1994,NA
12/09/1994,NA
12/12/1994,NA
12/13/1994,NA
12/14/1994,NA
12/15/1994,NA
12/16/1994,NA
12/19/1994,NA
12/20/1994,NA
12/21/1994,NA
12/22/1994,NA
12/23/1994,NA
12/26/1994,NA
12/27/1994,NA
12/28/1994,NA
12/29/1994,NA
12/30/1994,NA
01/02/1995,NA
01/03/1995,NA
01/04/1995,NA
01/05/1995,NA
01/06/1995,NA
01/09/1995,NA
01/10/1995,NA
01/11/1995,NA
01/12/1995,NA
01/13/1995,NA
01/16/1995,NA
01/17/1995,NA
01/18/1995,NA
01/19/1995,NA
01/20/1995,NA
01/23/1995,NA
01/24/1995,NA
01/25/1995,NA
01/26/1995,NA
01/27/1995,NA
01/30/1995,NA
01/31/1995,NA
02/01/1995,NA
02/02/1995,NA
02/03/1995,NA
02/06/1995,NA
02/07/1995,NA
02/08/1995,NA
02/09/1995,NA
02/10/1995,NA
02/13/1995,NA
02/14/1995,NA
02/15/1995,NA
02/16/1995,NA
02/17/1995,NA
02/20/1995,NA
02/21/1995,NA
02/22/1995,NA
02/23/1995,NA
02/24/1995,NA
02/27/1995,NA
02/28/1995,NA
03/01/1995,NA
03/02/1995,NA
03/03/1995,NA
03/06/1995,NA
03/07/1995,NA
03/08/1995,NA
03/09/1995,NA
03/10/1995,NA
03/13/1995,NA
03/14/1995,NA
03/15/1995,NA
03/16/1995,NA
03/17/1995,NA
03/20/1995,NA
03/21/1995,NA
03/22/1995,NA
03/23/1995,NA
03/24/1995,NA
03/27/1995,NA
03/28/1995,NA
03/29/1995,NA
03/30/1995,NA
03/31/1995,NA
04/03/1995,NA
04/04/1995,NA
04/05/1995,NA
04/06/1995,NA
04/07/1995,NA
04/10/1995,NA
04/11/1995,NA
04/12/1995,NA
04/13/1995,NA
04/14/1995,NA
04/17/1995,NA
04/18/1995,NA
04/19/1995,NA
04/20/1995,NA
04/21/1995,NA
04/24/1995,NA
04/25/1995,NA
04/26/1995,NA
04/27/1995,NA
04/28/1995,NA
05/01/1995,NA
05/02/1995,NA
05/03/1995,NA
05/04/1995,NA
05/05/1995,NA
05/08/1995,NA
05/09/1995,NA
05/10/1995,NA
05/11/1995,NA
05/12/1995,NA
05/15/1995,NA
05/16/1995,NA
05/17/1995,NA
05/18/1995,NA
05/19/1995,NA
05/22/1995,NA
05/23/1995,NA
05/24/1995,NA
05/25/1995,NA
05/26/1995,NA
05/29/1995,NA
05/30/1995,NA
05/31/1995,NA
06/01/1995,NA
06/02/1995,NA
06/05/1995,NA
06/06/1995,NA
06/07/1995,NA
06/08/1995,NA
06/09/1995,NA
06/12/1995,NA
06/13/1995,NA
06/14/1995,NA
06/15/1995,NA
06/16/1995,NA
06/19/1995,NA
06/20/1995,NA
06/21/1995,NA
06/22/1995,NA
06/23/1995,NA
06/26/1995,NA
06/27/1995,NA
06/28/1995,NA
06/29/1995,NA
06/30/1995,NA
07/03/1995,NA
07/04/1995,NA
07/05/1995,NA
07/06/1995,NA
07/07/1995,NA
07/10/1995,NA
07/11/1995,NA
07/12/1995,NA
07/13/1995,NA
07/14/1995,NA
07/17/1995,NA
07/18/1995,NA
07/19/1995,NA
07/20/1995,NA
07/21/1995,NA
07/24/1995,NA
07/25/1995,NA
07/26/1995,NA
07/27/1995,NA
07/28/1995,NA
07/31/1995,NA
08/01/1995,NA
08/02/1995,NA
08/03/1995,NA
08/04/1995,NA
08/07/1995,NA
08/08/1995,NA
08/09/1995,NA
08/10/1995,NA
08/11/1995,NA
08/14/1995,NA
08/15/1995,NA
08/16/1995,NA
08/17/1995,NA
08/18/1995,NA
08/21/1995,NA
08/22/1995,NA
08/23/1995,NA
08/24/1995,NA
08/25/1995,NA
08/28/1995,NA
08/29/1995,NA
08/30/1995,NA
08/31/1995,NA
09/01/1995,NA
09/04/1995,NA
09/05/1995,NA
09/06/1995,NA
09/07/1995,NA
09/08/1995,NA
09/11/1995,NA
09/12/1995,NA
09/13/1995,NA
09/14/1995,NA
09/15/1995,NA
09/18/1995,NA
09/19/1995,NA
09/20/1995,NA
09/21/1995,NA
09/22/1995,NA
09/25/1995,NA
09/26/1995,NA
09/27/1995,NA
09/28/1995,NA
09/29/1995,NA
10/02/1995,NA
10/03/1995,NA
10/04/1995,NA
10/05/1995,NA
10/06/1995,NA
10/09/1995,NA
10/10/1995,NA
10/11/1995,NA
10/12/1995,NA
10/13/1995,NA
10/16/1995,NA
10/17/1995,NA
10/18/1995,NA
10/19/1995,NA
10/20/1995,NA
10/23/1995,NA
10/24/1995,NA
10/25/1995,NA
10/26/1995,NA
10/27/1995,NA
10/30/1995,NA
10/31/1995,NA
11/01/1995,NA
11/02/1995,NA
11/03/1995,NA
11/06/1995,NA
11/07/1995,NA
11/08/1995,NA
11/09/1995,NA
11/10/1995,NA
11/13/1995,NA
11/14/1995,NA
11/15/1995,NA
11/16/1995,NA
11/17/1995,NA
11/20/1995,NA
11/21/1995,NA
11/22/1995,NA
11/23/1995,NA
11/24/1995,NA
11/27/1995,NA
11/28/1995,NA
11/29/1995,NA
11/30/1995,NA
12/01/1995,NA
12/04/1995,NA
12/05/1995,NA
12/06/1995,NA
12/07/1995,NA
12/08/1995,NA
12/11/1995,NA
12/12/1995,NA
12/13/1995,NA
12/14/1995,NA
12/15/1995,NA
12/18/1995,NA
12/19/1995,NA
12/20/1995,NA
12/21/1995,NA
12/22/1995,NA
12/25/1995,NA
12/26/1995,NA
12/27/1995,NA
12/28/1995,NA
12/29/1995,NA
01/01/1996,NA
01/02/1996,NA
01/03/1996,NA
01/04/1996,NA
01/05/1996,NA
01/08/1996,NA
01/09/1996,NA
01/10/1996,NA
01/11/1996,NA
01/12/1996,NA
01/15/1996,NA
01/16/1996,NA
01/17/1996,NA
01/18/1996,NA
01/19/1996,NA
01/22/1996,NA
01/23/1996,NA
01/24/1996,NA
01/25/1996,NA
01/26/1996,NA
01/29/1996,NA
01/30/1996,NA
01/31/1996,NA
02/01/1996,NA
02/02/1996,NA
02/05/1996,NA
02/06/1996,NA
02/07/1996,NA
02/08/1996,NA
02/09/1996,NA
02/12/1996,NA
02/13/1996,NA
02/14/1996,NA
02/15/1996,NA
02/16/1996,NA
02/19/1996,NA
02/20/1996,NA
02/21/1996,NA
02/22/1996,NA
02/23/1996,NA
02/26/1996,NA
02/27/1996,NA
02/28/1996,NA
02/29/1996,NA
03/01/1996,NA
03/04/1996,NA
03/05/1996,NA
03/06/1996,NA
03/07/1996,NA
03/08/1996,NA
03/11/1996,NA
03/12/1996,NA
03/13/1996,NA
03/14/1996,NA
03/15/1996,NA
03/18/1996,NA
03/19/1996,NA
03/20/1996,NA
03/21/1996,NA
03/22/1996,NA
03/25/1996,NA
03/26/1996,NA
03/27/1996,NA
03/28/1996,NA
03/29/1996,NA
04/01/1996,NA
04/02/1996,NA
04/03/1996,NA
04/04/1996,NA
04/05/1996,NA
04/08/1996,NA
04/09/1996,NA
04/10/1996,NA
04/11/1996,NA
04/12/1996,NA
04/15/1996,NA
04/16/1996,NA
04/17/1996,NA
04/18/1996,NA
04/19/1996,NA
04/22/1996,NA
04/23/1996,NA
04/24/1996,NA
04/25/1996,NA
04/26/1996,NA
04/29/1996,NA
04/30/1996,NA
05/01/1996,NA
05/02/1996,NA
05/03/1996,NA
05/06/1996,NA
05/07/1996,NA
05/08/1996,NA
05/09/1996,NA
05/10/1996,NA
05/13/1996,NA
05/14/1996,NA
05/15/1996,NA
05/16/1996,NA
05/17/1996,NA
05/20/1996,NA
05/21/1996,NA
05/22/1996,NA
05/23/1996,NA
05/24/1996,NA
05/27/1996,NA
05/28/1996,NA
05/29/1996,NA
05/30/1996,NA
05/31/1996,NA
06/03/1996,NA
06/04/1996,NA
06/05/1996,NA
06/06/1996,NA
06/07/1996,NA
06/10/1996,NA
06/11/1996,NA
06/12/1996,NA
06/13/1996,NA
06/14/1996,NA
06/17/1996,NA
06/18/1996,NA
06/19/1996,NA
06/20/1996,NA
06/21/1996,NA
06/24/1996,NA
06/25/1996,NA
06/26/1996,NA
06/27/1996,NA
06/28/1996,NA
07/01/1996,NA
07/02/1996,NA
07/03/1996,NA
07/04/1996,NA
07/05/1996,NA
07/08/1996,NA
07/09/1996,NA
07/10/1996,NA
07/11/1996,NA
07/12/1996,NA
07/15/1996,NA
07/16/1996,NA
07/17/1996,NA
07/18/1996,NA
07/19/1996,NA
07/22/1996,NA
07/23/1996,NA
07/24/1996,NA
07/25/1996,NA
07/26/1996,NA
07/29/1996,NA
07/30/1996,NA
07/31/1996,NA
08/01/1996,NA
08/02/1996,NA
08/05/1996,NA
08/06/1996,NA
08/07/1996,NA
08/08/1996,NA
08/09/1996,NA
08/12/1996,NA
08/13/1996,NA
08/14/1996,NA
08/15/1996,NA
08/16/1996,NA
08/19/1996,NA
08/20/1996,NA
08/21/1996,NA
08/22/1996,NA
08/23/1996,NA
08/26/1996,NA
08/27/1996,NA
08/28/1996,NA
08/29/1996,NA
08/30/1996,NA
09/02/1996,NA
09/03/1996,NA
09/04/1996,NA
09/05/1996,NA
09/06/1996,NA
09/09/1996,NA
09/10/1996,NA
09/11/1996,NA
09/12/1996,NA
09/13/1996,NA
09/16/1996,NA
09/17/1996,NA
09/18/1996,NA
09/19/1996,NA
09/20/1996,NA
09/23/1996,NA
09/24/1996,NA
09/25/1996,NA
09/26/1996,NA
09/27/1996,NA
09/30/1996,NA
10/01/1996,NA
10/02/1996,NA
10/03/1996,NA
10/04/1996,NA
10/07/1996,NA
10/08/1996,NA
10/09/1996,NA
10/10/1996,NA
10/11/1996,NA
10/14/1996,NA
10/15/1996,NA
10/16/1996,NA
10/17/1996,NA
10/18/1996,NA
10/21/1996,NA
10/22/1996,NA
10/23/1996,NA
10/24/1996,NA
10/25/1996,NA
10/28/1996,NA
10/29/1996,NA
10/30/1996,NA
10/31/1996,NA
11/01/1996,NA
11/04/1996,NA
11/05/1996,NA
11/06/1996,NA
11/07/1996,NA
11/08/1996,NA
11/11/1996,NA
11/12/1996,NA
11/13/1996,NA
11/14/1996,NA
11/15/1996,NA
11/18/1996,NA
11/19/1996,NA
11/20/1996,NA
11/21/1996,NA
11/22/1996,NA
11/25/1996,NA
11/26/1996,NA
11/27/1996,NA
11/28/1996,NA
11/29/1996,NA
12/02/1996,NA
12/03/1996,NA
12/04/1996,NA
12/05/1996,NA
12/06/1996,NA
12/09/1996,NA
12/10/1996,NA
12/11/1996,NA
12/12/1996,NA
12/13/1996,NA
12/16/1996,NA
12/17/1996,NA
12/18/1996,NA
12/19/1996,NA
12/20/1996,NA
12/23/1996,NA
12/24/1996,NA
12/25/1996,NA
12/26/1996,NA
12/27/1996,NA
12/30/1996,NA
12/31/1996,NA
01/01/1997,NA
01/02/1997,NA
01/03/1997,NA
01/06/1997,NA
01/07/1997,NA
01/08/1997,NA
01/09/1997,NA
01/10/1997,NA
01/13/1997,NA
01/14/1997,NA
01/15/1997,NA
01/16/1997,NA
01/17/1997,NA
01/20/1997,NA
01/21/1997,NA
01/22/1997,NA
01/23/1997,NA
01/24/1997,NA
01/27/1997,NA
01/28/1997,NA
01/29/1997,NA
01/30/1997,NA
01/31/1997,NA
02/03/1997,NA
02/04/1997,NA
02/05/1997,NA
02/06/1997,NA
02/07/1997,NA
02/10/1997,NA
02/11/1997,NA
02/12/1997,NA
02/13/1997,NA
02/14/1997,NA
02/17/1997,NA
02/18/1997,NA
02/19/1997,NA
02/20/1997,NA
02/21/1997,NA
02/24/1997,NA
02/25/1997,NA
02/26/1997,NA
02/27/1997,NA
02/28/1997,NA
03/03/1997,NA
03/04/1997,NA
03/05/1997,NA
03/06/1997,NA
03/07/1997,NA
03/10/1997,NA
03/11/1997,NA
03/12/1997,NA
03/13/1997,NA
03/14/1997,NA
03/17/1997,NA
03/18/1997,NA
03/19/1997,NA
03/20/1997,NA
03/21/1997,NA
03/24/1997,NA
03/25/1997,NA
03/26/1997,NA
03/27/1997,NA
03/28/1997,NA
03/31/1997,NA
04/01/1997,NA
04/02/1997,NA
04/03/1997,865
04/04/1997,305.4
04/07/1997,156.1
04/08/1997,137.7
04/09/1997,104.1
04/10/1997,90.9
04/11/1997,108.6
04/14/1997,52.6
04/15/1997,89.6
04/16/1997,120.2
04/17/1997,27.4
04/18/1997,159.1
04/21/1997,22.5
04/22/1997,24.9
04/23/1997,71.9
04/24/1997,945.2
04/25/1997,146.9
04/28/1997,NA
04/29/1997,311
04/30/1997,44.3
05/01/1997,NA
05/02/1997,76.9
05/05/1997,378.3
05/06/1997,101.4
05/07/1997,55.6
05/08/1997,39.7
05/09/1997,26.5
05/12/1997,24.6
05/13/1997,23.7
05/14/1997,43.8
05/15/1997,17.5
05/16/1997,23.9
05/19/1997,24.9
05/20/1997,81.8
05/21/1997,67.9
05/22/1997,181.5
05/23/1997,215.9
05/26/1997,54.1
05/27/1997,41.7
05/28/1997,11.1
05/29/1997,79.2
05/30/1997,36.5
06/02/1997,18
06/03/1997,7.8
06/04/1997,15.6
06/05/1997,30.5
06/06/1997,66.1
06/09/1997,32.7
06/10/1997,16.7
06/11/1997,7.4
06/12/1997,20.6
06/13/1997,25.3
06/16/1997,NA
06/17/1997,178
06/18/1997,14.5
06/19/1997,60.5
06/20/1997,34.6
06/23/1997,41.2
06/24/1997,31.4
06/25/1997,96.3
06/26/1997,235.3
06/27/1997,136
06/30/1997,37.5
07/01/1997,49
07/02/1997,163.5
07/03/1997,127.2
07/04/1997,61.9
07/07/1997,86.9
07/08/1997,51.2
07/09/1997,27.9
07/10/1997,58.2
07/11/1997,2545.5
07/14/1997,42.6
07/15/1997,46
07/16/1997,49.5
07/17/1997,175.6
07/18/1997,99.8
07/21/1997,752.5
07/22/1997,316.9
07/23/1997,1585.5
07/24/1997,2313.6
07/25/1997,155.2
07/28/1997,45.3
07/29/1997,21.9
07/30/1997,19.5
07/31/1997,386.6
08/01/1997,557.3
08/04/1997,180.3
08/05/1997,37.9
08/06/1997,181.5
08/07/1997,61.1
08/08/1997,124.1
08/11/1997,49.9
08/12/1997,301.6
08/13/1997,22.7
08/14/1997,7.1
08/15/1997,63.9
08/18/1997,38.9
08/19/1997,36
08/20/1997,48.3
08/21/1997,5.3
08/22/1997,345.8
08/25/1997,92.3
08/26/1997,12.2
08/27/1997,16.3
08/28/1997,42.2
08/29/1997,468.7
09/01/1997,88.1
09/02/1997,413.8
09/03/1997,25.5
09/04/1997,66.7
09/05/1997,96.7
09/08/1997,117.7
09/09/1997,1261.6
09/10/1997,36.3
09/11/1997,143.9
09/12/1997,159.6
09/15/1997,18.7
09/16/1997,43.2
09/17/1997,45.3
09/18/1997,56.9
09/19/1997,20.4
09/22/1997,31.3
09/23/1997,141.3
09/24/1997,NA
09/25/1997,332.2
09/26/1997,599
09/29/1997,130.2
09/30/1997,85.4
10/01/1997,225.9
10/02/1997,20.5
10/03/1997,51.9
10/06/1997,119
10/07/1997,3.8
10/08/1997,12.4
10/09/1997,112.8
10/10/1997,31.2
10/13/1997,5.3
10/14/1997,40.7
10/15/1997,67.6
10/16/1997,46.2
10/17/1997,30.3
10/20/1997,23.8
10/21/1997,7.1
10/22/1997,21.8
10/23/1997,41.9
10/24/1997,42.9
10/27/1997,53.1
10/28/1997,39
10/29/1997,76.1
10/30/1997,20.6
10/31/1997,260.3
11/03/1997,31.7
11/04/1997,23
11/05/1997,39
11/06/1997,36.6
11/07/1997,33.4
11/10/1997,21.5
11/11/1997,27.8
11/12/1997,12.8
11/13/1997,78.9
11/14/1997,1034.1
11/17/1997,50.7
11/18/1997,117.3
11/19/1997,41
11/20/1997,60.7
11/21/1997,13.6
11/24/1997,NA
11/25/1997,20.4
11/26/1997,28.7
11/27/1997,30.6
11/28/1997,59.1
12/01/1997,5.6
12/02/1997,76.6
12/03/1997,85.9
12/04/1997,30.4
12/05/1997,30.4
12/08/1997,37
12/09/1997,12.3
12/10/1997,121.1
12/11/1997,18.7
12/12/1997,57.9
12/15/1997,170.3
12/16/1997,NA
12/17/1997,694.9
12/18/1997,73.5
12/19/1997,16.4
12/22/1997,10.9
12/23/1997,13
12/24/1997,3.1
12/25/1997,NA
12/26/1997,NA
12/29/1997,3.1
12/30/1997,3.7
12/31/1997,26.1
01/01/1998,NA
01/02/1998,NA
01/05/1998,30
01/06/1998,89.2
01/07/1998,17.6
01/08/1998,456
01/09/1998,37.1
01/12/1998,79.7
01/13/1998,44
01/14/1998,15.4
01/15/1998,166.9
01/16/1998,41.3
01/19/1998,15.9
01/20/1998,41.7
01/21/1998,156.7
01/22/1998,12.1
01/23/1998,17.7
01/26/1998,62.7
01/27/1998,118.2
01/28/1998,181.7
01/29/1998,207.8
01/30/1998,70.4
02/02/1998,115.8
02/03/1998,108.8
02/04/1998,33.2
02/05/1998,71.8
02/06/1998,187.2
02/09/1998,137.7
02/10/1998,101.5
02/11/1998,1643.2
02/12/1998,216.8
02/13/1998,20.8
02/16/1998,55.2
02/17/1998,29.9
02/18/1998,36.7
02/19/1998,857.5
02/20/1998,953.1
02/23/1998,76.6
02/24/1998,69.5
02/25/1998,260.5
02/26/1998,14.3
02/27/1998,49.9
03/02/1998,161.9
03/03/1998,1590
03/04/1998,146.2
03/05/1998,31.5
03/06/1998,72.9
03/09/1998,206.8
03/10/1998,338.8
03/11/1998,62.9
03/12/1998,1130.1
03/13/1998,67.6
03/16/1998,13.7
03/17/1998,98.2
03/18/1998,541.7
03/19/1998,63.1
03/20/1998,229.8
03/23/1998,15.1
03/24/1998,9
03/25/1998,63.4
03/26/1998,90.7
03/27/1998,43.9
03/30/1998,561.8
03/31/1998,80.3
04/01/1998,62.4
04/02/1998,91.7
04/03/1998,71.6
04/06/1998,59.2
04/07/1998,85.7
04/08/1998,156.4
04/09/1998,250.6
04/10/1998,NA
04/13/1998,NA
04/14/1998,80.4
04/15/1998,162.3
04/16/1998,35
04/17/1998,23.5
04/20/1998,422.8
04/21/1998,179.9
04/22/1998,39
04/23/1998,491.6
04/24/1998,67.8
04/27/1998,NA
04/28/1998,100.5
04/29/1998,127
04/30/1998,150.5
05/01/1998,NA
05/04/1998,559.3
05/05/1998,591.4
05/06/1998,49.4
05/07/1998,48.3
05/08/1998,48.8
05/11/1998,26.3
05/12/1998,125.1
05/13/1998,51.9
05/14/1998,143.3
05/15/1998,311
05/18/1998,107.9
05/19/1998,528.2
05/20/1998,143.9
05/21/1998,128.1
05/22/1998,301.8
05/25/1998,25.7
05/26/1998,512.1
05/27/1998,54
05/28/1998,174.4
05/29/1998,178.6
06/01/1998,13.3
06/02/1998,21.2
06/03/1998,258.7
06/04/1998,7.1
06/05/1998,537.4
06/08/1998,31
06/09/1998,59.6
06/10/1998,25.4
06/11/1998,35.1
06/12/1998,41.1
06/15/1998,NA
06/16/1998,NA
06/17/1998,36.5
06/18/1998,47.4
06/19/1998,NA
06/22/1998,4
06/23/1998,16.8
06/24/1998,15
06/25/1998,10.4
06/26/1998,235.3
06/29/1998,102.2
06/30/1998,6.1
07/01/1998,19.8
07/02/1998,NA
07/03/1998,201.8
07/06/1998,14.6
07/07/1998,3.5
07/08/1998,1020.8
07/09/1998,15.2
07/10/1998,13.9
07/13/1998,0.1
07/14/1998,913.3
07/15/1998,2506.9
07/16/1998,33.1
07/17/1998,9.5
07/20/1998,182.5
07/21/1998,655
07/22/1998,2.7
07/23/1998,30.2
07/24/1998,66.8
07/27/1998,825
07/28/1998,9.6
07/29/1998,131.6
07/30/1998,79.2
07/31/1998,16
08/03/1998,154
08/04/1998,27.8
08/05/1998,17.1
08/06/1998,80.1
08/07/1998,139.2
08/10/1998,NA
08/11/1998,89.1
08/12/1998,36.7
08/13/1998,319.6
08/14/1998,59
08/17/1998,66.2
08/18/1998,16.5
08/19/1998,38.6
08/20/1998,65.4
08/21/1998,201.8
08/24/1998,64.4
08/25/1998,61.4
08/26/1998,41.7
08/27/1998,11.5
08/28/1998,243.5
08/31/1998,28
09/01/1998,0.2
09/02/1998,110.5
09/03/1998,743
09/04/1998,4.8
09/07/1998,15
09/08/1998,44.7
09/09/1998,91.2
09/10/1998,4.9
09/11/1998,68.8
09/14/1998,592.8
09/15/1998,16.1
09/16/1998,337.7
09/17/1998,288.2
09/18/1998,135.5
09/21/1998,NA
09/22/1998,110.8
09/23/1998,1200.3
09/24/1998,NA
09/25/1998,27.5
09/28/1998,18.2
09/29/1998,17.2
09/30/1998,2.1
10/01/1998,15.2
10/02/1998,0.8
10/05/1998,NA
10/06/1998,29
10/07/1998,154.5
10/08/1998,1.5
10/09/1998,10.9
10/12/1998,1.6
10/13/1998,6.1
10/14/1998,366.7
10/15/1998,6.2
10/16/1998,4838.3
10/19/1998,406.2
10/20/1998,7.3
10/21/1998,83.6
10/22/1998,4.8
10/23/1998,12.4
10/26/1998,197
10/27/1998,9.7
10/28/1998,1.6
10/29/1998,35.6
10/30/1998,101.4
11/02/1998,14.4
11/03/1998,8.2
11/04/1998,7.8
11/05/1998,24
11/06/1998,90.5
11/09/1998,72.9
11/10/1998,9.5
11/11/1998,3128.4
11/12/1998,7.7
11/13/1998,359.8
11/16/1998,1.6
11/17/1998,253.7
11/18/1998,2053.4
11/19/1998,NA
11/20/1998,137.7
11/23/1998,4.7
11/24/1998,9.3
11/25/1998,117.9
11/26/1998,1620
11/27/1998,499
11/30/1998,0.5
12/01/1998,NA
12/02/1998,14.3
12/03/1998,NA
12/04/1998,517.1
12/07/1998,10
12/08/1998,NA
12/09/1998,5.8
12/10/1998,155.3
12/11/1998,267.5
12/14/1998,NA
12/15/1998,215
12/16/1998,NA
12/17/1998,NA
12/18/1998,7
12/21/1998,545.1
12/22/1998,0.8
12/23/1998,1087.8
12/24/1998,30
12/25/1998,NA
12/28/1998,0.1
12/29/1998,102.9
12/30/1998,NA
12/31/1998,46.3
01/01/1999,NA
01/04/1999,262.7
01/05/1999,219.1
01/06/1999,374.1
01/07/1999,231
01/08/1999,477
01/11/1999,312.3
01/12/1999,499.3
01/13/1999,804.8
01/14/1999,1786.9
01/15/1999,2289.8
01/18/1999,0.4
01/19/1999,5.6
01/20/1999,24.5
01/21/1999,112.1
01/22/1999,12.9
01/25/1999,28
01/26/1999,13.1
01/27/1999,5.5
01/28/1999,4.5
01/29/1999,112.1
02/01/1999,8.9
02/02/1999,328.9
02/03/1999,272.3
02/04/1999,43.8
02/05/1999,41
02/08/1999,49.3
02/09/1999,209
02/10/1999,10.1
02/11/1999,15.3
02/12/1999,22.7
02/15/1999,6.5
02/16/1999,243.8
02/17/1999,74.6
02/18/1999,3.1
02/19/1999,32
02/22/1999,15
02/23/1999,83.5
02/24/1999,530.9
02/25/1999,44.2
02/26/1999,4
03/01/1999,108.6
03/02/1999,4.2
03/03/1999,24
03/04/1999,1182.6
03/05/1999,59.7
03/08/1999,73.3
03/09/1999,76.5
03/10/1999,450.2
03/11/1999,1497.7
03/12/1999,7
03/15/1999,6.4
03/16/1999,4.1
03/17/1999,167.4
03/18/1999,2.9
03/19/1999,19.2
03/22/1999,NA
03/23/1999,5.9
03/24/1999,21.9
03/25/1999,31.7
03/26/1999,207.9
03/29/1999,126.4
03/30/1999,212.6
03/31/1999,11.2
04/01/1999,NA
04/02/1999,NA
04/05/1999,NA
04/06/1999,1.9
04/07/1999,43.2
04/08/1999,155.8
04/09/1999,448.8
04/12/1999,246.4
04/13/1999,212.1
04/14/1999,1.8
04/15/1999,484.4
04/16/1999,20.4
04/19/1999,65
04/20/1999,0.1
04/21/1999,52.2
04/22/1999,12
04/23/1999,90.7
04/26/1999,30.4
04/27/1999,NA
04/28/1999,25.5
04/29/1999,36.6
04/30/1999,129.3
05/03/1999,29.4
05/04/1999,429.2
05/05/1999,181.4
05/06/1999,148.4
05/07/1999,104.1
05/10/1999,1824.9
05/11/1999,66.7
05/12/1999,122.5
05/13/1999,48.1
05/14/1999,42.6
05/17/1999,11
05/18/1999,590.2
05/19/1999,208
05/20/1999,1.6
05/21/1999,100.1
05/24/1999,9.5
05/25/1999,16
05/26/1999,3.3
05/27/1999,31
05/28/1999,61.3
05/31/1999,23.9
06/01/1999,775
06/02/1999,NA
06/03/1999,13.9
06/04/1999,10
06/07/1999,8
06/08/1999,83.1
06/09/1999,116.8
06/10/1999,211.5
06/11/1999,0.2
06/14/1999,500.1
06/15/1999,19.5
06/16/1999,NA
06/17/1999,3.6
06/18/1999,53.3
06/21/1999,103.8
06/22/1999,221.8
06/23/1999,5
06/24/1999,12.1
06/25/1999,110
06/28/1999,22
06/29/1999,40.1
06/30/1999,24
07/01/1999,20
07/02/1999,95.3
07/05/1999,NA
07/06/1999,5.5
07/07/1999,302.8
07/08/1999,295.3
07/09/1999,198.6
07/12/1999,27.3
07/13/1999,37.4
07/14/1999,60
07/15/1999,26.8
07/16/1999,67.2
07/19/1999,5.1
07/20/1999,54.8
07/21/1999,18.5
07/22/1999,5.7
07/23/1999,6.2
07/26/1999,12
07/27/1999,61.6
07/28/1999,30.9
07/29/1999,17.4
07/30/1999,1.6
08/02/1999,1.4
08/03/1999,0.7
08/04/1999,29.6
08/05/1999,42
08/06/1999,150.2
08/09/1999,NA
08/10/1999,51
08/11/1999,40.4
08/12/1999,772.4
08/13/1999,142.7
08/16/1999,23.4
08/17/1999,965.4
08/18/1999,236.2
08/19/1999,92.5
08/20/1999,266
08/23/1999,53.9
08/24/1999,7.3
08/25/1999,214.6
08/26/1999,379.1
08/27/1999,54
08/30/1999,45.9
08/31/1999,213
09/01/1999,1.2
09/02/1999,129
09/03/1999,95.2
09/06/1999,1.3
09/07/1999,10.3
09/08/1999,54.6
09/09/1999,1.5
09/10/1999,140.2
09/13/1999,56.6
09/14/1999,520
09/15/1999,304.9
09/16/1999,229.2
09/17/1999,36.8
09/20/1999,17.6
09/21/1999,200
09/22/1999,0.2
09/23/1999,18.5
09/24/1999,NA
09/27/1999,0.8
09/28/1999,31.6
09/29/1999,649.6
09/30/1999,195.4
10/01/1999,120.9
10/04/1999,2.2
10/05/1999,53.8
10/06/1999,10.4
10/07/1999,36.4
10/08/1999,2.7
10/11/1999,173.5
10/12/1999,33.8
10/13/1999,1.2
10/14/1999,105.2
10/15/1999,50.6
10/18/1999,15.6
10/19/1999,166.7
10/20/1999,14.8
10/21/1999,128.5
10/22/1999,NA
10/25/1999,125.1
10/26/1999,265
10/27/1999,183.9
10/28/1999,40.8
10/29/1999,22.7
11/01/1999,38.4
11/02/1999,55.6
11/03/1999,59.1
11/04/1999,198.4
11/05/1999,86.8
11/08/1999,65.5
11/09/1999,53.9
11/10/1999,73
11/11/1999,2041.5
11/12/1999,17.7
11/15/1999,9.8
11/16/1999,10.7
11/17/1999,4.1
11/18/1999,23.6
11/19/1999,297.2
11/22/1999,8.8
11/23/1999,18.8
11/24/1999,31.8
11/25/1999,626.8
11/26/1999,406.8
11/29/1999,313.8
11/30/1999,49.3
12/01/1999,40.9
12/02/1999,109.8
12/03/1999,229.4
12/06/1999,52.9
12/07/1999,112.2
12/08/1999,1
12/09/1999,57.3
12/10/1999,14.8
12/13/1999,68.7
12/14/1999,101.7
12/15/1999,18.3
12/16/1999,NA
12/17/1999,33.3
12/20/1999,86.1
12/21/1999,587.6
12/22/1999,41.3
12/23/1999,243.8
12/24/1999,269.4
12/27/1999,NA
12/28/1999,NA
12/29/1999,53.7
12/30/1999,NA
12/31/1999,NA
01/03/2000,NA
01/04/2000,155.6
01/05/2000,194.1
01/06/2000,66.6
01/07/2000,43.9
01/10/2000,18.8
01/11/2000,36.7
01/12/2000,59.4
01/13/2000,34.7
01/14/2000,85.1
01/17/2000,477.6
01/18/2000,79.4
01/19/2000,146.3
01/20/2000,160.9
01/21/2000,14.8
01/24/2000,125.4
01/25/2000,54.5
01/26/2000,47.1
01/27/2000,510.8
01/28/2000,16.5
01/31/2000,124.3
02/01/2000,242.9
02/02/2000,79.1
02/03/2000,217
02/04/2000,63.2
02/07/2000,26.7
02/08/2000,83.1
02/09/2000,24.2
02/10/2000,26.7
02/11/2000,10.7
02/14/2000,1.3
02/15/2000,10.7
02/16/2000,43
02/17/2000,49.7
02/18/2000,48.7
02/21/2000,6.2
02/22/2000,53.3
02/23/2000,624.3
02/24/2000,4.4
02/25/2000,59.4
02/28/2000,100.4
02/29/2000,222.1
03/01/2000,108.3
03/02/2000,99
03/03/2000,5
03/06/2000,23.6
03/07/2000,19.9
03/08/2000,21.6
03/09/2000,83.4
03/10/2000,46.3
03/13/2000,13
03/14/2000,224.4
03/15/2000,147.1
03/16/2000,34.1
03/17/2000,58
03/20/2000,7.7
03/21/2000,NA
03/22/2000,79.5
03/23/2000,3.5
03/24/2000,21.1
03/27/2000,233.1
03/28/2000,49.6
03/29/2000,55.9
03/30/2000,1
03/31/2000,79.6
04/03/2000,259.9
04/04/2000,21.8
04/05/2000,5.2
04/06/2000,2.3
04/07/2000,20.5
04/10/2000,68.7
04/11/2000,156.2
04/12/2000,18.4
04/13/2000,17.4
04/14/2000,49.3
04/17/2000,17.9
04/18/2000,13.9
04/19/2000,23.7
04/20/2000,4
04/21/2000,NA
04/24/2000,NA
04/25/2000,20.7
04/26/2000,78.6
04/27/2000,NA
04/28/2000,10
05/01/2000,NA
05/02/2000,49.8
05/03/2000,21.2
05/04/2000,16.2
05/05/2000,2
05/08/2000,2
05/09/2000,30.9
05/10/2000,27.1
05/11/2000,25.2
05/12/2000,4
05/15/2000,19.2
05/16/2000,15
05/17/2000,10
05/18/2000,21
05/19/2000,28.5
05/22/2000,64
05/23/2000,16.1
05/24/2000,35
05/25/2000,118.3
05/26/2000,1.6
05/29/2000,333.1
05/30/2000,223.5
05/31/2000,237.5
06/01/2000,341.6
06/02/2000,NA
06/05/2000,14
06/06/2000,671.1
06/07/2000,54.6
06/08/2000,13.9
06/09/2000,14.9
06/12/2000,20.5
06/13/2000,88.1
06/14/2000,521.6
06/15/2000,37.7
06/16/2000,NA
06/19/2000,7
06/20/2000,288.6
06/21/2000,615.3
06/22/2000,33
06/23/2000,271
06/26/2000,200.9
06/27/2000,340.2
06/28/2000,50
06/29/2000,36.2
06/30/2000,17.6
07/03/2000,17
07/04/2000,45.7
07/05/2000,267.5
07/06/2000,244
07/07/2000,14.8
07/10/2000,13.1
07/11/2000,5
07/12/2000,175.9
07/13/2000,256
07/14/2000,101.3
07/17/2000,122.2
07/18/2000,25.8
07/19/2000,24.8
07/20/2000,7.9
07/21/2000,11.3
07/24/2000,24
07/25/2000,124
07/26/2000,7.9
07/27/2000,2743.8
07/28/2000,564.9
07/31/2000,296.2
08/01/2000,259.9
08/02/2000,96
08/03/2000,177.6
08/04/2000,5.3
08/07/2000,32.2
08/08/2000,274.2
08/09/2000,NA
08/10/2000,49.9
08/11/2000,12
08/14/2000,4.2
08/15/2000,49.9
08/16/2000,674.3
08/17/2000,70
08/18/2000,274.8
08/21/2000,184.5
08/22/2000,497.1
08/23/2000,36.3
08/24/2000,15
08/25/2000,439.9
08/28/2000,301.8
08/29/2000,560.5
08/30/2000,78.8
08/31/2000,91.2
09/01/2000,98.3
09/04/2000,35.8
09/05/2000,747.8
09/06/2000,83.8
09/07/2000,227.9
09/08/2000,53.2
09/11/2000,1035.1
09/12/2000,1389.3
09/13/2000,36.3
09/14/2000,69.8
09/15/2000,184.9
09/18/2000,23.8
09/19/2000,54.1
09/20/2000,46.3
09/21/2000,128.4
09/22/2000,21.1
09/25/2000,NA
09/26/2000,6
09/27/2000,353.3
09/28/2000,712.7
09/29/2000,201.8
10/02/2000,89.5
10/03/2000,27.5
10/04/2000,17.6
10/05/2000,106.2
10/06/2000,27.2
10/09/2000,1.7
10/10/2000,230.9
10/11/2000,364.7
10/12/2000,289.9
10/13/2000,55
10/16/2000,196.9
10/17/2000,14.5
10/18/2000,241
10/19/2000,35.3
10/20/2000,16.5
10/23/2000,53.1
10/24/2000,17.3
10/25/2000,57
10/26/2000,8.7
10/27/2000,19.9
10/30/2000,63
10/31/2000,105.9
11/01/2000,111
11/02/2000,40
11/03/2000,44.8
11/06/2000,2.5
11/07/2000,6.5
11/08/2000,118
11/09/2000,35.2
11/10/2000,20
11/13/2000,4.8
11/14/2000,58.5
11/15/2000,18.7
11/16/2000,9.3
11/17/2000,10
11/20/2000,107.7
11/21/2000,85.2
11/22/2000,21.5
11/23/2000,992.2
11/24/2000,15.9
11/27/2000,51.1
11/28/2000,151.7
11/29/2000,10
11/30/2000,8.5
12/01/2000,240.7
12/04/2000,3.4
12/05/2000,NA
12/06/2000,142.7
12/07/2000,198.3
12/08/2000,63.5
12/11/2000,22
12/12/2000,17.5
12/13/2000,1797.6
12/14/2000,1290.8
12/15/2000,990.5
12/18/2000,55.2
12/19/2000,11.8
12/20/2000,40.7
12/21/2000,11.5
12/22/2000,15.5
12/25/2000,NA
12/26/2000,NA
12/27/2000,9
12/28/2000,25
12/29/2000,28
01/01/2001,NA
01/02/2001,10
01/03/2001,30.3
01/04/2001,58.2
01/05/2001,3.6
01/08/2001,145.3
01/09/2001,87.6
01/10/2001,11.6
01/11/2001,NA
01/12/2001,309.2
01/15/2001,101
01/16/2001,238.5
01/17/2001,237.6
01/18/2001,164.9
01/19/2001,159
01/22/2001,781.6
01/23/2001,22
01/24/2001,423.2
01/25/2001,31.3
01/26/2001,559.9
01/29/2001,24.3
01/30/2001,39.9
01/31/2001,10
02/01/2001,8.7
02/02/2001,12
02/05/2001,17.8
02/06/2001,25.7
02/07/2001,9
02/08/2001,26.4
02/09/2001,NA
02/12/2001,239.8
02/13/2001,166.5
02/14/2001,2.9
02/15/2001,221.3
02/16/2001,84.5
02/19/2001,53.6
02/20/2001,3
02/21/2001,1
02/22/2001,493.5
02/23/2001,29.4
02/26/2001,66.8
02/27/2001,112.7
02/28/2001,119.7
03/01/2001,464.1
03/02/2001,17
03/05/2001,120.3
03/06/2001,93.7
03/07/2001,7.3
03/08/2001,10.3
03/09/2001,715
03/12/2001,809
03/13/2001,130
03/14/2001,1011.7
03/15/2001,854.9
03/16/2001,754
03/19/2001,502
03/20/2001,104.1
03/21/2001,NA
03/22/2001,636.4
03/23/2001,44.5
03/26/2001,25.5
03/27/2001,57
03/28/2001,469.2
03/29/2001,41.4
03/30/2001,1086.4
04/02/2001,NA
04/03/2001,326.5
04/04/2001,7
04/05/2001,19.2
04/06/2001,123.8
04/09/2001,1
04/10/2001,9
04/11/2001,85
04/12/2001,136.9
04/13/2001,NA
04/16/2001,NA
04/17/2001,303
04/18/2001,76
04/19/2001,617.5
04/20/2001,753.4
04/23/2001,121.8
04/24/2001,104.5
04/25/2001,452
04/26/2001,28.5
04/27/2001,NA
04/30/2001,548.7
05/01/2001,NA
05/02/2001,706
05/03/2001,38.1
05/04/2001,94.6
05/07/2001,81.8
05/08/2001,198.5
05/09/2001,483.5
05/10/2001,57.9
05/11/2001,20.1
05/14/2001,12.5
05/15/2001,7
05/16/2001,18.4
05/17/2001,334.9
05/18/2001,265
05/21/2001,97.5
05/22/2001,NA
05/23/2001,NA
05/24/2001,16.4
05/25/2001,85.5
05/28/2001,2.9
05/29/2001,102.2
05/30/2001,11
05/31/2001,211.3
06/01/2001,138.1
06/04/2001,14
06/05/2001,2.1
06/06/2001,250.4
06/07/2001,2.9
06/08/2001,384.9
06/11/2001,22.3
06/12/2001,105
06/13/2001,10
06/14/2001,429.7
06/15/2001,16.5
06/18/2001,1290.8
06/19/2001,0.6
06/20/2001,4
06/21/2001,2
06/22/2001,290.3
06/25/2001,174
06/26/2001,19.8
06/27/2001,0.1
06/28/2001,NA
06/29/2001,1135
07/02/2001,64.6
07/03/2001,25
07/04/2001,709.3
07/05/2001,3
07/06/2001,6.8
07/09/2001,1.6
07/10/2001,NA
07/11/2001,145.1
07/12/2001,1.3
07/13/2001,90
07/16/2001,16.8
07/17/2001,0.6
07/18/2001,1640.6
07/19/2001,97.3
07/20/2001,110.1
07/23/2001,463
07/24/2001,142.2
07/25/2001,100.8
07/26/2001,150.3
07/27/2001,77.5
07/30/2001,76.5
07/31/2001,27.8
08/01/2001,938.8
08/02/2001,49.5
08/03/2001,405.1
08/06/2001,861.6
08/07/2001,383.4
08/08/2001,73.9
08/09/2001,NA
08/10/2001,370
08/13/2001,90.4
08/14/2001,47
08/15/2001,4.4
08/16/2001,1010.9
08/17/2001,309.5
08/20/2001,120.1
08/21/2001,88.6
08/22/2001,35.6
08/23/2001,351.4
08/24/2001,612.4
08/27/2001,51.5
08/28/2001,379.8
08/29/2001,677.3
08/30/2001,85.5
08/31/2001,642
09/03/2001,71.8
09/04/2001,12.4
09/05/2001,542
09/06/2001,374.8
09/07/2001,767.7
09/10/2001,216.4
09/11/2001,164.8
09/12/2001,8.1
09/13/2001,NA
09/14/2001,327.2
09/17/2001,97
09/18/2001,811.4
09/19/2001,NA
09/20/2001,324.8
09/21/2001,431.7
09/24/2001,NA
09/25/2001,30.6
09/26/2001,755.2
09/27/2001,92.4
09/28/2001,149.7
10/01/2001,4
10/02/2001,629
10/03/2001,132.8
10/04/2001,2.5
10/05/2001,NA
10/08/2001,3
10/09/2001,31.7
10/10/2001,12.2
10/11/2001,4.5
10/12/2001,42.6
10/15/2001,33.7
10/16/2001,197.7
10/17/2001,0.3
10/18/2001,488.3
10/19/2001,46.3
10/22/2001,157.8
10/23/2001,64.7
10/24/2001,53.6
10/25/2001,405.4
10/26/2001,197.9
10/29/2001,229.7
10/30/2001,312.6
10/31/2001,320.2
11/01/2001,117.6
11/02/2001,5.8
11/05/2001,81.3
11/06/2001,36.8
11/07/2001,311.1
11/08/2001,778.1
11/09/2001,616.9
11/12/2001,9.9
11/13/2001,177.9
11/14/2001,8.3
11/15/2001,10.5
11/16/2001,2.6
11/19/2001,113.2
11/20/2001,49.3
11/21/2001,119
11/22/2001,20.5
11/23/2001,6.9
11/26/2001,0.6
11/27/2001,43.6
11/28/2001,55.2
11/29/2001,25.9
11/30/2001,1.5
12/03/2001,7.4
12/04/2001,49.9
12/05/2001,5.1
12/06/2001,192.2
12/07/2001,19
12/10/2001,84.7
12/11/2001,16
12/12/2001,NA
12/13/2001,8.9
12/14/2001,16.1
12/17/2001,NA
12/18/2001,7.5
12/19/2001,70.7
12/20/2001,18.3
12/21/2001,11.7
12/24/2001,3.8
12/25/2001,NA
12/26/2001,NA
12/27/2001,2
12/28/2001,NA
12/31/2001,6.3
01/01/2002,NA
01/02/2002,NA
01/03/2002,4.3
01/04/2002,NA
01/07/2002,11.9
01/08/2002,17.1
01/09/2002,19.9
01/10/2002,7.1
01/11/2002,47.9
01/14/2002,NA
01/15/2002,71.5
01/16/2002,34.4
01/17/2002,27.1
01/18/2002,38.2
01/21/2002,2.1
01/22/2002,1.2
01/23/2002,123
01/24/2002,14.9
01/25/2002,6.9
01/28/2002,37.1
01/29/2002,11.8
01/30/2002,75.6
01/31/2002,47.8
02/01/2002,10
02/04/2002,NA
02/05/2002,12.6
02/06/2002,108.8
02/07/2002,47.9
02/08/2002,147.8
02/11/2002,107.5
02/12/2002,219.1
02/13/2002,51
02/14/2002,NA
02/15/2002,1.1
02/18/2002,0.1
02/19/2002,485.7
02/20/2002,30.2
02/21/2002,3.5
02/22/2002,29.6
02/25/2002,195.7
02/26/2002,0.3
02/27/2002,209.8
02/28/2002,87.4
03/01/2002,10.8
03/04/2002,NA
03/05/2002,42.5
03/06/2002,61.2
03/07/2002,36.3
03/08/2002,2.8
03/11/2002,29.5
03/12/2002,140.5
03/13/2002,1.8
03/14/2002,1.6
03/15/2002,2.7
03/18/2002,23.9
03/19/2002,33.8
03/20/2002,121.5
03/21/2002,NA
03/22/2002,8
03/25/2002,90
03/26/2002,155.4
03/27/2002,4.9
03/28/2002,46.4
03/29/2002,NA
04/01/2002,NA
04/02/2002,NA
04/03/2002,187.6
04/04/2002,46.9
04/05/2002,18.7
04/08/2002,1.6
04/09/2002,2.6
04/10/2002,245.6
04/11/2002,1672
04/12/2002,318.1
04/15/2002,5.3
04/16/2002,39.9
04/17/2002,42.9
04/18/2002,509.8
04/19/2002,11.6
04/22/2002,8.9
04/23/2002,55.5
04/24/2002,43.6
04/25/2002,55.8
04/26/2002,68.8
04/29/2002,10
04/30/2002,5
05/01/2002,NA
05/02/2002,107.9
05/03/2002,786.5
05/06/2002,1
05/07/2002,4519.1
05/08/2002,110.5
05/09/2002,26.7
05/10/2002,265
05/13/2002,NA
05/14/2002,15.5
05/15/2002,10
05/16/2002,46.6
05/17/2002,22.4
05/20/2002,4.9
05/21/2002,51.7
05/22/2002,6.9
05/23/2002,147.8
05/24/2002,10.5
05/27/2002,7.5
05/28/2002,75.6
05/29/2002,22.7
05/30/2002,6.7
05/31/2002,51.1
06/03/2002,185.1
06/04/2002,46.9
06/05/2002,213.3
06/06/2002,75.7
06/07/2002,863.7
06/10/2002,139.7
06/11/2002,29.5
06/12/2002,138.3
06/13/2002,5
06/14/2002,4
06/17/2002,NA
06/18/2002,43.7
06/19/2002,20.9
06/20/2002,26.9
06/21/2002,431.4
06/24/2002,NA
06/25/2002,18.1
06/26/2002,365.6
06/27/2002,16.7
06/28/2002,41.5
07/01/2002,1423.4
07/02/2002,147.8
07/03/2002,3
07/04/2002,156.4
07/05/2002,4949.6
07/08/2002,10.6
07/09/2002,40
07/10/2002,140.5
07/11/2002,772.3
07/12/2002,61.2
07/15/2002,102
07/16/2002,56.9
07/17/2002,52.5
07/18/2002,51.8
07/19/2002,10.8
07/22/2002,30
07/23/2002,230.9
07/24/2002,70.5
07/25/2002,21.8
07/26/2002,94.5
07/29/2002,1.1
07/30/2002,138.9
07/31/2002,65
08/01/2002,9.4
08/02/2002,75.2
08/05/2002,90.4
08/06/2002,53.2
08/07/2002,385.5
08/08/2002,287.4
08/09/2002,NA
08/12/2002,21.5
08/13/2002,6.4
08/14/2002,NA
08/15/2002,91.5
08/16/2002,NA
08/19/2002,NA
08/20/2002,10.3
08/21/2002,5
08/22/2002,NA
08/23/2002,3.5
08/26/2002,2.7
08/27/2002,NA
08/28/2002,270.1
08/29/2002,NA
08/30/2002,20.2
09/02/2002,480.5
09/03/2002,121.8
09/04/2002,4.3
09/05/2002,89.5
09/06/2002,8.7
09/09/2002,764
09/10/2002,42.5
09/11/2002,125.2
09/12/2002,84.8
09/13/2002,214.8
09/16/2002,60
09/17/2002,11
09/18/2002,128
09/19/2002,884
09/20/2002,416.3
09/23/2002,1
09/24/2002,NA
09/25/2002,6.7
09/26/2002,136.8
09/27/2002,61
09/30/2002,95.3
10/01/2002,3.5
10/02/2002,22.9
10/03/2002,1.8
10/04/2002,2.5
10/07/2002,231.9
10/08/2002,27.8
10/09/2002,28.3
10/10/2002,7.2
10/11/2002,62.7
10/14/2002,29.8
10/15/2002,68.5
10/16/2002,17.5
10/17/2002,177
10/18/2002,1.9
10/21/2002,31.6
10/22/2002,200.5
10/23/2002,112.8
10/24/2002,445.6
10/25/2002,6
10/28/2002,108.2
10/29/2002,49.6
10/30/2002,195
10/31/2002,119.7
11/01/2002,20.2
11/04/2002,23.5
11/05/2002,72.7
11/06/2002,41.3
11/07/2002,12.6
11/08/2002,35
11/11/2002,41.4
11/12/2002,201.9
11/13/2002,72.6
11/14/2002,119.2
11/15/2002,118.8
11/18/2002,121
11/19/2002,66
11/20/2002,138.6
11/21/2002,427.8
11/22/2002,153
11/25/2002,29.7
11/26/2002,858.4
11/27/2002,648.4
11/28/2002,24.8
11/29/2002,180.7
12/02/2002,1026.9
12/03/2002,40
12/04/2002,28
12/05/2002,10.4
12/06/2002,0.5
12/09/2002,17.5
12/10/2002,35
12/11/2002,571.6
12/12/2002,18.9
12/13/2002,8.2
12/16/2002,NA
12/17/2002,4
12/18/2002,68.2
12/19/2002,7.3
12/20/2002,1
12/23/2002,13.6
12/24/2002,NA
12/25/2002,NA
12/26/2002,NA
12/27/2002,NA
12/30/2002,2.9
12/31/2002,9
01/01/2003,NA
01/02/2003,19.5
01/03/2003,68.6
01/06/2003,NA
01/07/2003,74.5
01/08/2003,106.9
01/09/2003,0.7
01/10/2003,202.2
01/13/2003,63.2
01/14/2003,137.6
01/15/2003,51.4
01/16/2003,169.5
01/17/2003,149.5
01/20/2003,122
01/21/2003,10.8
01/22/2003,0.5
01/23/2003,13.9
01/24/2003,381.9
01/27/2003,100
01/28/2003,6
01/29/2003,73.4
01/30/2003,15.9
01/31/2003,519.3
02/03/2003,3
02/04/2003,8
02/05/2003,59
02/06/2003,119.2
02/07/2003,40.2
02/10/2003,343
02/11/2003,239.8
02/12/2003,50.1
02/13/2003,300.9
02/14/2003,158
02/17/2003,47
02/18/2003,78.2
02/19/2003,274.4
02/20/2003,3
02/21/2003,113.5
02/24/2003,244.6
02/25/2003,10.9
02/26/2003,165
02/27/2003,1631.3
02/28/2003,40.9
03/03/2003,766.5
03/04/2003,81.3
03/05/2003,52.6
03/06/2003,198.1
03/07/2003,87.8
03/10/2003,1
03/11/2003,1152.5
03/12/2003,471
03/13/2003,517.3
03/14/2003,488.2
03/17/2003,86.2
03/18/2003,246.2
03/19/2003,156
03/20/2003,1307.1
03/21/2003,NA
03/24/2003,252.7
03/25/2003,14.1
03/26/2003,57.8
03/27/2003,27.8
03/28/2003,6
03/31/2003,358.4
04/01/2003,196.3
04/02/2003,74.6
04/03/2003,201.6
04/04/2003,472.4
04/07/2003,31.2
04/08/2003,1085.1
04/09/2003,689.1
04/10/2003,0.4
04/11/2003,340
04/14/2003,327
04/15/2003,43.8
04/16/2003,14
04/17/2003,43.4
04/18/2003,NA
04/21/2003,NA
04/22/2003,2
04/23/2003,1241
04/24/2003,28.7
04/25/2003,202.7
04/28/2003,NA
04/29/2003,NA
04/30/2003,744.6
05/01/2003,NA
05/02/2003,650.6
05/05/2003,651.6
05/06/2003,41.3
05/07/2003,174.1
05/08/2003,282.3
05/09/2003,4.5
05/12/2003,14.3
05/13/2003,42.4
05/14/2003,73.2
05/15/2003,121.1
05/16/2003,40.7
05/19/2003,49.6
05/20/2003,71.8
05/21/2003,163.7
05/22/2003,31.4
05/23/2003,428.4
05/26/2003,799.7
05/27/2003,743.6
05/28/2003,303.3
05/29/2003,171.5
05/30/2003,106.3
06/02/2003,17.3
06/03/2003,74.2
06/04/2003,7.9
06/05/2003,32.5
06/06/2003,334.1
06/09/2003,79.6
06/10/2003,57
06/11/2003,709.5
06/12/2003,5
06/13/2003,26.3
06/16/2003,NA
06/17/2003,20.3
06/18/2003,1980.5
06/19/2003,225.5
06/20/2003,181.7
06/23/2003,223.7
06/24/2003,392.9
06/25/2003,1403.1
06/26/2003,82
06/27/2003,99.2
06/30/2003,420.6
07/01/2003,30.4
07/02/2003,21.8
07/03/2003,161.7
07/04/2003,12.9
07/07/2003,2
07/08/2003,12
07/09/2003,40.6
07/10/2003,680
07/11/2003,2
07/14/2003,4.8
07/15/2003,5
07/16/2003,400
07/17/2003,5
07/18/2003,45.4
07/21/2003,99.6
07/22/2003,50
07/23/2003,86
07/24/2003,5.6
07/25/2003,54.1
07/28/2003,183.6
07/29/2003,581.2
07/30/2003,494.8
07/31/2003,40.5
08/01/2003,NA
08/04/2003,85.3
08/05/2003,73.8
08/06/2003,0
08/07/2003,61.1
08/08/2003,453.9
08/11/2003,158.7
08/12/2003,139.5
08/13/2003,228.5
08/14/2003,3.2
08/15/2003,717.3
08/18/2003,109.9
08/19/2003,164.3
08/20/2003,1012.1
08/21/2003,17.9
08/22/2003,160.7
08/25/2003,70.5
08/26/2003,71.3
08/27/2003,47.7
08/28/2003,22.3
08/29/2003,29.2
09/01/2003,69.7
09/02/2003,382.3
09/03/2003,26.5
09/04/2003,393.1
09/05/2003,586.4
09/08/2003,255.9
09/09/2003,385.1
09/10/2003,395
09/11/2003,344.4
09/12/2003,303.1
09/15/2003,144.2
09/16/2003,136.4
09/17/2003,411.3
09/18/2003,90.5
09/19/2003,768.5
09/22/2003,112.5
09/23/2003,787.7
09/24/2003,NA
09/25/2003,8
09/26/2003,304.3
09/29/2003,35.1
09/30/2003,113.6
10/01/2003,88
10/02/2003,1.4
10/03/2003,181.7
10/06/2003,17.2
10/07/2003,179.4
10/08/2003,30
10/09/2003,994
10/10/2003,339.3
10/13/2003,220
10/14/2003,738.5
10/15/2003,276.1
10/16/2003,44.9
10/17/2003,126.3
10/20/2003,58.5
10/21/2003,175.6
10/22/2003,158
10/23/2003,110.5
10/24/2003,105
10/27/2003,218.4
10/28/2003,995.3
10/29/2003,431.3
10/30/2003,490.1
10/31/2003,662.1
11/03/2003,112.3
11/04/2003,813.4
11/05/2003,247.2
11/06/2003,619.6
11/07/2003,362.6
11/10/2003,165.2
11/11/2003,194.3
11/12/2003,276
11/13/2003,212
11/14/2003,95.6
11/17/2003,115.5
11/18/2003,214
11/19/2003,268.8
11/20/2003,119.1
11/21/2003,619.2
11/24/2003,70.1
11/25/2003,234.3
11/26/2003,615.2
11/27/2003,232
11/28/2003,110
12/01/2003,859.1
12/02/2003,89.2
12/03/2003,65.7
12/04/2003,122.3
12/05/2003,55.2
12/08/2003,35.2
12/09/2003,55.5
12/10/2003,179.1
12/11/2003,271.2
12/12/2003,30.7
12/15/2003,406.8
12/16/2003,NA
12/17/2003,512.2
12/18/2003,123.7
12/19/2003,207.1
12/22/2003,4.8
12/23/2003,26.8
12/24/2003,39.3
12/25/2003,NA
12/26/2003,NA
12/29/2003,23.5
12/30/2003,NA
12/31/2003,2.7
01/01/2004,NA
01/02/2004,10
01/05/2004,1.6
01/06/2004,731.8
01/07/2004,314.1
01/08/2004,373.4
01/09/2004,455.2
01/12/2004,385.5
01/13/2004,381.5
01/14/2004,122.9
01/15/2004,746.8
01/16/2004,393.1
01/19/2004,221.7
01/20/2004,77.4
01/21/2004,280.9
01/22/2004,7.1
01/23/2004,1541.5
01/26/2004,303.1
01/27/2004,66.1
01/28/2004,39.3
01/29/2004,10.6
01/30/2004,80.8
02/02/2004,43.3
02/03/2004,364.1
02/04/2004,58.9
02/05/2004,267.6
02/06/2004,44.8
02/09/2004,91.7
02/10/2004,69.3
02/11/2004,96.4
02/12/2004,211.8
02/13/2004,339.9
02/16/2004,325.4
02/17/2004,261.2
02/18/2004,114.3
02/19/2004,245.8
02/20/2004,109.8
02/23/2004,220.6
02/24/2004,82.2
02/25/2004,468.4
02/26/2004,570.3
02/27/2004,381.9
03/01/2004,157.3
03/02/2004,89.9
03/03/2004,210.5
03/04/2004,240.8
03/05/2004,195.3
03/08/2004,233.5
03/09/2004,221.6
03/10/2004,306.3
03/11/2004,2196.1
03/12/2004,1171.5
03/15/2004,40.5
03/16/2004,821.6
03/17/2004,278
03/18/2004,30.8
03/19/2004,101
03/22/2004,NA
03/23/2004,1186.6
03/24/2004,196.4
03/25/2004,72.7
03/26/2004,897.6
03/29/2004,19.8
03/30/2004,289.2
03/31/2004,41.1
04/01/2004,280.2
04/02/2004,62.4
04/05/2004,512.6
04/06/2004,142.2
04/07/2004,26.7
04/08/2004,269.1
04/09/2004,NA
04/12/2004,NA
04/13/2004,57.1
04/14/2004,NA
04/15/2004,580.4
04/16/2004,401.5
04/19/2004,13.4
04/20/2004,8.6
04/21/2004,39.5
04/22/2004,24.9
04/23/2004,361.7
04/26/2004,247.2
04/27/2004,NA
04/28/2004,162.3
04/29/2004,153.7
04/30/2004,70.4
05/03/2004,26.8
05/04/2004,17.9
05/05/2004,31.6
05/06/2004,149.3
05/07/2004,31.8
05/10/2004,98.6
05/11/2004,40.6
05/12/2004,62.3
05/13/2004,686.6
05/14/2004,1118.9
05/17/2004,175.6
05/18/2004,2039.3
05/19/2004,262.1
05/20/2004,615.7
05/21/2004,189.8
05/24/2004,673.3
05/25/2004,2
05/26/2004,1216.3
05/27/2004,60.8
05/28/2004,71
05/31/2004,276.4
06/01/2004,139.2
06/02/2004,197.9
06/03/2004,735.4
06/04/2004,NA
06/07/2004,255.1
06/08/2004,256.7
06/09/2004,104.8
06/10/2004,8
06/11/2004,127.2
06/14/2004,52.1
06/15/2004,539.2
06/16/2004,NA
06/17/2004,198.7
06/18/2004,373.3
06/21/2004,2
06/22/2004,1027.5
06/23/2004,138.1
06/24/2004,16.1
06/25/2004,375.4
06/28/2004,282.5
06/29/2004,95.6
06/30/2004,142.1
07/01/2004,154.2
07/02/2004,92.3
07/05/2004,75
07/06/2004,22.9
07/07/2004,56.1
07/08/2004,542.5
07/09/2004,148.1
07/12/2004,34.4
07/13/2004,61.6
07/14/2004,216.5
07/15/2004,52.1
07/16/2004,119.5
07/19/2004,2742.7
07/20/2004,56.1
07/21/2004,52.9
07/22/2004,24
07/23/2004,12.5
07/26/2004,676.8
07/27/2004,30
07/28/2004,43.5
07/29/2004,126.7
07/30/2004,374.5
08/02/2004,71.9
08/03/2004,41.5
08/04/2004,563.6
08/05/2004,13.1
08/06/2004,36
08/09/2004,NA
08/10/2004,223.1
08/11/2004,588.8
08/12/2004,16.4
08/13/2004,10.3
08/16/2004,128.6
08/17/2004,4.3
08/18/2004,34.4
08/19/2004,407.6
08/20/2004,161.1
08/23/2004,69.4
08/24/2004,54.3
08/25/2004,30
08/26/2004,75.5
08/27/2004,286.7
08/30/2004,6.3
08/31/2004,44.9
09/01/2004,87.7
09/02/2004,82.5
09/03/2004,110.4
09/06/2004,100.9
09/07/2004,526.9
09/08/2004,135.5
09/09/2004,240.8
09/10/2004,81.8
09/13/2004,147.1
09/14/2004,68.7
09/15/2004,60.5
09/16/2004,143.7
09/17/2004,233.3
09/20/2004,1014.6
09/21/2004,5
09/22/2004,1.5
09/23/2004,242.8
09/24/2004,NA
09/27/2004,420.4
09/28/2004,500.5
09/29/2004,513.2
09/30/2004,119.2
10/01/2004,562.7
10/04/2004,15.9
10/05/2004,113.8
10/06/2004,19.6
10/07/2004,133
10/08/2004,364.2
10/11/2004,65.1
10/12/2004,62.4
10/13/2004,61.8
10/14/2004,16
10/15/2004,40
10/18/2004,1
10/19/2004,140
10/20/2004,102.6
10/21/2004,114.3
10/22/2004,65.8
10/25/2004,67.7
10/26/2004,138.5
10/27/2004,205.4
10/28/2004,1083.3
10/29/2004,297.2
11/01/2004,106.9
11/02/2004,108.2
11/03/2004,31.2
11/04/2004,1048.5
11/05/2004,298.4
11/08/2004,661.7
11/09/2004,109.3
11/10/2004,108.5
11/11/2004,123
11/12/2004,180
11/15/2004,228.8
11/16/2004,139.9
11/17/2004,146.2
11/18/2004,597.6
11/19/2004,197.6
11/22/2004,91.1
11/23/2004,108.8
11/24/2004,163
11/25/2004,206.2
11/26/2004,1069.7
11/29/2004,622.4
11/30/2004,67.8
12/01/2004,207.8
12/02/2004,390.8
12/03/2004,74
12/06/2004,37.9
12/07/2004,19.5
12/08/2004,59.1
12/09/2004,334.8
12/10/2004,709.3
12/13/2004,195.2
12/14/2004,205.1
12/15/2004,84.7
12/16/2004,NA
12/17/2004,351.1
12/20/2004,405.3
12/21/2004,107
12/22/2004,30.6
12/23/2004,4
12/24/2004,NA
12/27/2004,NA
12/28/2004,NA
12/29/2004,32.8
12/30/2004,124.5
12/31/2004,NA
01/03/2005,61.4
01/04/2005,248.9
01/05/2005,30.5
01/06/2005,0.8
01/07/2005,56.5
01/10/2005,118
01/11/2005,166.4
01/12/2005,921.4
01/13/2005,169.5
01/14/2005,6.7
01/17/2005,205.6
01/18/2005,203
01/19/2005,253.8
01/20/2005,87.9
01/21/2005,6.3
01/24/2005,NA
01/25/2005,30.9
01/26/2005,942.5
01/27/2005,3.9
01/28/2005,9
01/31/2005,68.4
02/01/2005,21
02/02/2005,32
02/03/2005,62
02/04/2005,90.5
02/07/2005,325
02/08/2005,2
02/09/2005,80.6
02/10/2005,83.6
02/11/2005,66.9
02/14/2005,39.7
02/15/2005,53.1
02/16/2005,708
02/17/2005,486.4
02/18/2005,163
02/21/2005,83.6
02/22/2005,112
02/23/2005,65
02/24/2005,87.9
02/25/2005,18.5
02/28/2005,120.6
03/01/2005,156.9
03/02/2005,51
03/03/2005,54
03/04/2005,168.2
03/07/2005,144.5
03/08/2005,29.6
03/09/2005,12.5
03/10/2005,57.2
03/11/2005,388.6
03/14/2005,31.1
03/15/2005,331
03/16/2005,83.6
03/17/2005,59.6
03/18/2005,147.7
03/21/2005,NA
03/22/2005,69.4
03/23/2005,129.1
03/24/2005,123.1
03/25/2005,NA
03/28/2005,NA
03/29/2005,523.6
03/30/2005,3.3
03/31/2005,3.8
04/01/2005,119.2
04/04/2005,5.7
04/05/2005,3.8
04/06/2005,8.6
04/07/2005,17.2
04/08/2005,22.7
04/11/2005,110.4
04/12/2005,144
04/13/2005,58.7
04/14/2005,55.1
04/15/2005,14.6
04/18/2005,17.2
04/19/2005,33.6
04/20/2005,55.6
04/21/2005,47.5
04/22/2005,15.7
04/25/2005,0.1
04/26/2005,188.3
04/27/2005,NA
04/28/2005,180.8
04/29/2005,90.9
05/02/2005,NA
05/03/2005,10.4
05/04/2005,6.5
05/05/2005,14.2
05/06/2005,215.1
05/09/2005,31.8
05/10/2005,268.8
05/11/2005,493.4
05/12/2005,103.8
05/13/2005,21.4
05/16/2005,46.7
05/17/2005,177.1
05/18/2005,381.7
05/19/2005,291.2
05/20/2005,NA
05/23/2005,30.2
05/24/2005,53
05/25/2005,5.2
05/26/2005,35.8
05/27/2005,8.6
05/30/2005,2
05/31/2005,19.3
06/01/2005,51.5
06/02/2005,88.4
06/03/2005,20
06/06/2005,236.7
06/07/2005,80.1
06/08/2005,262.5
06/09/2005,665.4
06/10/2005,25.4
06/13/2005,447.8
06/14/2005,70.6
06/15/2005,12.8
06/16/2005,NA
06/17/2005,5
06/20/2005,23.1
06/21/2005,1675.1
06/22/2005,26.5
06/23/2005,74.6
06/24/2005,117.9
06/27/2005,267.1
06/28/2005,5
06/29/2005,254.5
06/30/2005,82.3
07/01/2005,33
07/04/2005,33
07/05/2005,287.6
07/06/2005,181.3
07/07/2005,140.9
07/08/2005,295.9
07/11/2005,499.8
07/12/2005,259.7
07/13/2005,177.3
07/14/2005,759.3
07/15/2005,1608.1
07/18/2005,319
07/19/2005,92.6
07/20/2005,93.6
07/21/2005,528.8
07/22/2005,128.6
07/25/2005,7.8
07/26/2005,94
07/27/2005,11.1
07/28/2005,178.8
07/29/2005,12.9
08/01/2005,56.2
08/02/2005,44.2
08/03/2005,563.9
08/04/2005,83.7
08/05/2005,119.1
08/08/2005,32.5
08/09/2005,NA
08/10/2005,17.4
08/11/2005,442.1
08/12/2005,293
08/15/2005,13.4
08/16/2005,18.2
08/17/2005,52.3
08/18/2005,84.5
08/19/2005,26.2
08/22/2005,325
08/23/2005,76.8
08/24/2005,775.1
08/25/2005,302.1
08/26/2005,87.8
08/29/2005,102
08/30/2005,125.4
08/31/2005,14
09/01/2005,481.1
09/02/2005,55.8
09/05/2005,82.3
09/06/2005,1077.6
09/07/2005,336.4
09/08/2005,61.8
09/09/2005,46.6
09/12/2005,836.9
09/13/2005,510.5
09/14/2005,662.5
09/15/2005,215.2
09/16/2005,305.9
09/19/2005,194.8
09/20/2005,202.5
09/21/2005,202.3
09/22/2005,442.3
09/23/2005,312
09/26/2005,164.9
09/27/2005,276.1
09/28/2005,1820.7
09/29/2005,113.7
09/30/2005,652.5
10/03/2005,70.7
10/04/2005,582
10/05/2005,524.6
10/06/2005,604.3
10/07/2005,58.3
10/10/2005,210.5
10/11/2005,195
10/12/2005,36.7
10/13/2005,191.3
10/14/2005,693.3
10/17/2005,122
10/18/2005,627.7
10/19/2005,32.5
10/20/2005,226.2
10/21/2005,51.4
10/24/2005,200.4
10/25/2005,360.4
10/26/2005,446.1
10/27/2005,130.1
10/28/2005,303.1
10/31/2005,47.9
11/01/2005,461.3
11/02/2005,287
11/03/2005,95.4
11/04/2005,58.8
11/07/2005,134.7
11/08/2005,269.1
11/09/2005,19.2
11/10/2005,116.6
11/11/2005,126.8
11/14/2005,297.8
11/15/2005,28.4
11/16/2005,96.8
11/17/2005,533.1
11/18/2005,2191.9
11/21/2005,90.9
11/22/2005,665.9
11/23/2005,894
11/24/2005,78.8
11/25/2005,93.5
11/28/2005,234
11/29/2005,83.8
11/30/2005,889.8
12/01/2005,549.1
12/02/2005,169.2
12/05/2005,386.6
12/06/2005,125.4
12/07/2005,179
12/08/2005,480
12/09/2005,339.4
12/12/2005,83.8
12/13/2005,119
12/14/2005,260.2
12/15/2005,487.8
12/16/2005,NA
12/19/2005,555.3
12/20/2005,37
12/21/2005,2252.7
12/22/2005,1358.3
12/23/2005,524.9
12/26/2005,NA
12/27/2005,959.5
12/28/2005,225.4
12/29/2005,211.3
12/30/2005,293.2
01/02/2006,NA
01/03/2006,1223.9
01/04/2006,157.3
01/05/2006,556
01/06/2006,678.8
01/09/2006,51.7
01/10/2006,29.2
01/11/2006,534.8
01/12/2006,382.4
01/13/2006,181.9
01/16/2006,1751.5
01/17/2006,79.2
01/18/2006,367.4
01/19/2006,67.5
01/20/2006,138.8
01/23/2006,361
01/24/2006,44.8
01/25/2006,91
01/26/2006,126.2
01/27/2006,179.1
01/30/2006,47.4
01/31/2006,13.2
02/01/2006,290.6
02/02/2006,477.4
02/03/2006,147.2
02/06/2006,165.2
02/07/2006,83.9
02/08/2006,42.1
02/09/2006,61.6
02/10/2006,89.5
02/13/2006,34.6
02/14/2006,125.7
02/15/2006,144.3
02/16/2006,107.6
02/17/2006,111.9
02/20/2006,29.3
02/21/2006,146.7
02/22/2006,49.6
02/23/2006,35
02/24/2006,84.2
02/27/2006,52.7
02/28/2006,226.8
03/01/2006,NA
03/02/2006,110.9
03/03/2006,232.8
03/06/2006,3054.9
03/07/2006,497.8
03/08/2006,126.2
03/09/2006,133.5
03/10/2006,66.5
03/13/2006,1345.1
03/14/2006,33
03/15/2006,25.9
03/16/2006,66.2
03/17/2006,263.1
03/20/2006,84.6
03/21/2006,NA
03/22/2006,93.3
03/23/2006,123.9
03/24/2006,110.4
03/27/2006,511.6
03/28/2006,944.2
03/29/2006,184.1
03/30/2006,32.5
03/31/2006,29.5
04/03/2006,105.8
04/04/2006,385.9
04/05/2006,118.8
04/06/2006,23.4
04/07/2006,25.1
04/10/2006,335.2
04/11/2006,444.9
04/12/2006,475.3
04/13/2006,135.3
04/14/2006,NA
04/17/2006,NA
04/18/2006,378.7
04/19/2006,497.2
04/20/2006,714
04/21/2006,2.3
04/24/2006,389.2
04/25/2006,163.2
04/26/2006,88.4
04/27/2006,NA
04/28/2006,9.4
05/01/2006,NA
05/02/2006,43.3
05/03/2006,30.7
05/04/2006,32.2
05/05/2006,181
05/08/2006,12.9
05/09/2006,367.6
05/10/2006,106.3
05/11/2006,3
05/12/2006,20
05/15/2006,159.8
05/16/2006,902.7
05/17/2006,152.4
05/18/2006,30.3
05/19/2006,177.6
05/22/2006,42.5
05/23/2006,38.9
05/24/2006,23.6
05/25/2006,123.2
05/26/2006,141.4
05/29/2006,23
05/30/2006,27.5
05/31/2006,105.2
06/01/2006,27.4
06/02/2006,45.6
06/05/2006,17.4
06/06/2006,17.8
06/07/2006,698.1
06/08/2006,712.1
06/09/2006,726.7
06/12/2006,1089.4
06/13/2006,266.3
06/14/2006,8
06/15/2006,78.2
06/16/2006,NA
06/19/2006,41.1
06/20/2006,15.9
06/21/2006,6
06/22/2006,332.5
06/23/2006,182.8
06/26/2006,153.2
06/27/2006,13
06/28/2006,34.5
06/29/2006,348.3
06/30/2006,469.4
07/03/2006,32.1
07/04/2006,456.8
07/05/2006,37.7
07/06/2006,117.7
07/07/2006,109.3
07/10/2006,4.4
07/11/2006,74.8
07/12/2006,40.2
07/13/2006,3.1
07/14/2006,55.8
07/17/2006,196.7
07/18/2006,187.8
07/19/2006,144.1
07/20/2006,11.9
07/21/2006,417
07/24/2006,317.4
07/25/2006,760
07/26/2006,45.5
07/27/2006,22.1
07/28/2006,110.6
07/31/2006,450.2
08/01/2006,1.8
08/02/2006,54.1
08/03/2006,12
08/04/2006,745.7
08/07/2006,227.7
08/08/2006,131.3
08/09/2006,NA
08/10/2006,185
08/11/2006,635.7
08/14/2006,42.3
08/15/2006,140.3
08/16/2006,224.3
08/17/2006,164.6
08/18/2006,110.4
08/21/2006,NA
08/22/2006,106.2
08/23/2006,1136
08/24/2006,20.4
08/25/2006,54.3
08/28/2006,902.5
08/29/2006,153.7
08/30/2006,255.5
08/31/2006,401.2
09/01/2006,1364.5
09/04/2006,312
09/05/2006,431.5
09/06/2006,188
09/07/2006,47.6
09/08/2006,1304.1
09/11/2006,678.4
09/12/2006,593.8
09/13/2006,163.6
09/14/2006,563
09/15/2006,195.5
09/18/2006,75.9
09/19/2006,76.3
09/20/2006,2.2
09/21/2006,335
09/22/2006,180.9
09/25/2006,NA
09/26/2006,111.7
09/27/2006,376.8
09/28/2006,62.9
09/29/2006,84.7
10/02/2006,6.2
10/03/2006,292.5
10/04/2006,0.1
10/05/2006,3.9
10/06/2006,439.2
10/09/2006,117
10/10/2006,120.5
10/11/2006,29.4
10/12/2006,4.6
10/13/2006,279.9
10/16/2006,13.9
10/17/2006,104.4
10/18/2006,2.5
10/19/2006,46.2
10/20/2006,320.2
10/23/2006,67.1
10/24/2006,250.7
10/25/2006,152
10/26/2006,61.1
10/27/2006,595.8
10/30/2006,85.1
10/31/2006,5.6
11/01/2006,180
11/02/2006,126.1
11/03/2006,60.5
11/06/2006,50.1
11/07/2006,46.2
11/08/2006,30.1
11/09/2006,9.6
11/10/2006,136.5
11/13/2006,54.6
11/14/2006,45
11/15/2006,106.6
11/16/2006,161.6
11/17/2006,539.3
11/20/2006,2.5
11/21/2006,219.1
11/22/2006,224.7
11/23/2006,199.8
11/24/2006,247.1
11/27/2006,44.3
11/28/2006,214.6
11/29/2006,89.4
11/30/2006,217.3
12/01/2006,173.5
12/04/2006,37
12/05/2006,179.9
12/06/2006,100.5
12/07/2006,155.4
12/08/2006,253.6
12/11/2006,70.2
12/12/2006,68.2
12/13/2006,138
12/14/2006,45.4
12/15/2006,85
12/18/2006,47.7
12/19/2006,105.6
12/20/2006,88.6
12/21/2006,32.8
12/22/2006,11
12/25/2006,NA
12/26/2006,NA
12/27/2006,189.6
12/28/2006,69.3
12/29/2006,95.1
01/01/2007,NA
01/02/2007,426.8
01/03/2007,144.9
01/04/2007,0
01/05/2007,138
01/08/2007,1158.6
01/09/2007,65.1
01/10/2007,531.5
01/11/2007,513.9
01/12/2007,192.6
01/15/2007,81.1
01/16/2007,157.2
01/17/2007,1
01/18/2007,35
01/19/2007,74.5
01/22/2007,62.4
01/23/2007,88.9
01/24/2007,92.5
01/25/2007,32.4
01/26/2007,89.5
01/29/2007,46.6
01/30/2007,61.3
01/31/2007,240.7
02/01/2007,318.5
02/02/2007,454.1
02/05/2007,339.1
02/06/2007,113.4
02/07/2007,543.3
02/08/2007,1541
02/09/2007,9
02/12/2007,150.3
02/13/2007,99.7
02/14/2007,228.1
02/15/2007,60.5
02/16/2007,NA
02/19/2007,252.5
02/20/2007,55.8
02/21/2007,110.5
02/22/2007,236.6
02/23/2007,581.8
02/26/2007,398.9
02/27/2007,530.1
02/28/2007,9.4
03/01/2007,49.1
03/02/2007,201.9
03/05/2007,0
03/06/2007,NA
03/07/2007,NA
03/08/2007,1.9
03/09/2007,66.9
03/12/2007,157.5
03/13/2007,502.4
03/14/2007,981.2
03/15/2007,1134.8
03/16/2007,546.6
03/19/2007,1.5
03/20/2007,54.6
03/21/2007,NA
03/22/2007,609.4
03/23/2007,108.9
03/26/2007,691.9
03/27/2007,27.6
03/28/2007,5.8
03/29/2007,47.4
03/30/2007,17.8
04/02/2007,9.8
04/03/2007,321.3
04/04/2007,689.6
04/05/2007,75.8
04/06/2007,NA
04/09/2007,NA
04/10/2007,19.3
04/11/2007,535.6
04/12/2007,23.3
04/13/2007,97.1
04/16/2007,31.1
04/17/2007,64.8
04/18/2007,42.8
04/19/2007,23
04/20/2007,13.2
04/23/2007,19
04/24/2007,83
04/25/2007,3403.8
04/26/2007,5.7
04/27/2007,NA
04/30/2007,274.9
05/01/2007,NA
05/02/2007,165.5
05/03/2007,2192.5
05/04/2007,125.5
05/07/2007,858.8
05/08/2007,76.8
05/09/2007,47.2
05/10/2007,10.2
05/11/2007,531
05/14/2007,148.7
05/15/2007,181.8
05/16/2007,266.4
05/17/2007,100.4
05/18/2007,189.4
05/21/2007,27.3
05/22/2007,323
05/23/2007,279.1
05/24/2007,10
05/25/2007,298.8
05/28/2007,65.1
05/29/2007,150.8
05/30/2007,119.5
05/31/2007,146.3
06/01/2007,112.2
06/04/2007,30
06/05/2007,171.5
06/06/2007,61.6
06/07/2007,345.7
06/08/2007,345
06/11/2007,182
06/12/2007,45
06/13/2007,25.2
06/14/2007,33.2
06/15/2007,155.1
06/18/2007,5.2
06/19/2007,0.1
06/20/2007,27.5
06/21/2007,267.8
06/22/2007,88.9
06/25/2007,825.7
06/26/2007,2
06/27/2007,45.4
06/28/2007,64.7
06/29/2007,66.7
07/02/2007,27.8
07/03/2007,93.2
07/04/2007,727.7
07/05/2007,5
07/06/2007,25.1
07/09/2007,44.3
07/10/2007,98.5
07/11/2007,1.8
07/12/2007,342.3
07/13/2007,29.6
07/16/2007,12
07/17/2007,5.4
07/18/2007,643.6
07/19/2007,4.8
07/20/2007,21.8
07/23/2007,80.3
07/24/2007,12
07/25/2007,85.6
07/26/2007,43.4
07/27/2007,9.7
07/30/2007,46.8
07/31/2007,348.9
08/01/2007,65.6
08/02/2007,NA
08/03/2007,NA
08/06/2007,19.1
08/07/2007,21.3
08/08/2007,6
08/09/2007,NA
08/10/2007,18.3
08/13/2007,42.5
08/14/2007,20
08/15/2007,242
08/16/2007,15.6
08/17/2007,27.3
08/20/2007,18.1
08/21/2007,19.9
08/22/2007,7.5
08/23/2007,595
08/24/2007,1.2
08/27/2007,4.5
08/28/2007,6.8
08/29/2007,5.9
08/30/2007,113.2
08/31/2007,173.5
09/03/2007,81.5
09/04/2007,5
09/05/2007,NA
09/06/2007,41.8
09/07/2007,10.5
09/10/2007,315
09/11/2007,206.3
09/12/2007,0.1
09/13/2007,NA
09/14/2007,14.3
09/17/2007,7.4
09/18/2007,119.4
09/19/2007,249
09/20/2007,5.8
09/21/2007,6
09/24/2007,NA
09/25/2007,43.8
09/26/2007,298.8
09/27/2007,96.7
09/28/2007,210.5
10/01/2007,870.3
10/02/2007,321.2
10/03/2007,78.9
10/04/2007,29.8
10/05/2007,48.6
10/08/2007,299.6
10/09/2007,3
10/10/2007,4.9
10/11/2007,139.6
10/12/2007,15.1
10/15/2007,4.2
10/16/2007,38
10/17/2007,174.9
10/18/2007,66.2
10/19/2007,1774.3
10/22/2007,0.8
10/23/2007,353.8
10/24/2007,27.8
10/25/2007,171.1
10/26/2007,1952
10/29/2007,1.3
10/30/2007,88.1
10/31/2007,23.7
11/01/2007,178.8
11/02/2007,86.9
11/05/2007,0.2
11/06/2007,16.7
11/07/2007,77.1
11/08/2007,1
11/09/2007,2.9
11/12/2007,44.2
11/13/2007,1.3
11/14/2007,228.2
11/15/2007,53.7
11/16/2007,159.9
11/19/2007,7.4
11/20/2007,182.7
11/21/2007,144
11/22/2007,4.8
11/23/2007,19.7
11/26/2007,0.3
11/27/2007,NA
11/28/2007,280.8
11/29/2007,393.3
11/30/2007,65
12/03/2007,11.9
12/04/2007,188.1
12/05/2007,5.5
12/06/2007,NA
12/07/2007,1.3
12/10/2007,NA
12/11/2007,NA
12/12/2007,12.7
12/13/2007,50.7
12/14/2007,21
12/17/2007,NA
12/18/2007,194.3
12/19/2007,6.7
12/20/2007,134.7
12/21/2007,123.8
12/24/2007,312.8
12/25/2007,NA
12/26/2007,NA
12/27/2007,35
12/28/2007,40.9
12/31/2007,140.8
01/01/2008,NA
01/02/2008,124
01/03/2008,NA
01/04/2008,2.6
01/07/2008,900.2
01/08/2008,7.1
01/09/2008,3.3
01/10/2008,18.7
01/11/2008,47.3
01/14/2008,3.5
01/15/2008,10.2
01/16/2008,29.8
01/17/2008,1.5
01/18/2008,41.2
01/21/2008,15.7
01/22/2008,1235.7
01/23/2008,NA
01/24/2008,44.7
01/25/2008,NA
01/28/2008,32.7
01/29/2008,11.2
01/30/2008,3.4
01/31/2008,1.5
02/01/2008,25.4
02/04/2008,3.5
02/05/2008,10
02/06/2008,2.5
02/07/2008,47.3
02/08/2008,1
02/11/2008,10
02/12/2008,14
02/13/2008,23.7
02/14/2008,117.2
02/15/2008,1421
02/18/2008,320.6
02/19/2008,20.6
02/20/2008,15
02/21/2008,259.4
02/22/2008,14.1
02/25/2008,4.4
02/26/2008,11.5
02/27/2008,7
02/28/2008,50.7
02/29/2008,139.9
03/03/2008,14.9
03/04/2008,3.6
03/05/2008,36
03/06/2008,5
03/07/2008,1.2
03/10/2008,50
03/11/2008,31.7
03/12/2008,2
03/13/2008,32.5
03/14/2008,92.5
03/17/2008,15.6
03/18/2008,22.4
03/19/2008,196.8
03/20/2008,NA
03/21/2008,NA
03/24/2008,NA
03/25/2008,228.9
03/26/2008,0.3
03/27/2008,2185.8
03/28/2008,NA
03/31/2008,337
04/01/2008,7
04/02/2008,7.2
04/03/2008,3.7
04/04/2008,4.1
04/07/2008,41.2
04/08/2008,32
04/09/2008,104.9
04/10/2008,33.3
04/11/2008,185
04/14/2008,48.7
04/15/2008,219.3
04/16/2008,NA
04/17/2008,2.2
04/18/2008,27.9
04/21/2008,110
04/22/2008,11.7
04/23/2008,56.2
04/24/2008,133.1
04/25/2008,NA
04/28/2008,NA
04/29/2008,18
04/30/2008,20
05/01/2008,NA
05/02/2008,NA
05/05/2008,11.7
05/06/2008,76.5
05/07/2008,414.9
05/08/2008,11
05/09/2008,43.3
05/12/2008,24
05/13/2008,10
05/14/2008,5.5
05/15/2008,32.4
05/16/2008,30.3
05/19/2008,1.4
05/20/2008,11
05/21/2008,NA
05/22/2008,90.8
05/23/2008,61.9
05/26/2008,0.7
05/27/2008,75.1
05/28/2008,19.8
05/29/2008,130.6
05/30/2008,6.4
06/02/2008,NA
06/03/2008,7.3
06/04/2008,879
06/05/2008,25.7
06/06/2008,95.2
06/09/2008,31
06/10/2008,81.9
06/11/2008,NA
06/12/2008,55.6
06/13/2008,250.5
06/16/2008,NA
06/17/2008,146.1
06/18/2008,253.1
06/19/2008,150
06/20/2008,NA
06/23/2008,39.4
06/24/2008,116.4
06/25/2008,10.1
06/26/2008,707.9
06/27/2008,274.4
06/30/2008,60.3
07/01/2008,NA
07/02/2008,129.9
07/03/2008,NA
07/04/2008,639.5
07/07/2008,3.2
07/08/2008,4.9
07/09/2008,271.1
07/10/2008,518.5
07/11/2008,1.8
07/14/2008,2
07/15/2008,159.9
07/16/2008,28.2
07/17/2008,1.8
07/18/2008,3
07/21/2008,31.6
07/22/2008,17.7
07/23/2008,28
07/24/2008,4.8
07/25/2008,17.6
07/28/2008,471.1
07/29/2008,89.6
07/30/2008,330
07/31/2008,302.7
08/01/2008,61.9
08/04/2008,936.6
08/05/2008,NA
08/06/2008,31
08/07/2008,3.5
08/08/2008,209.3
08/11/2008,41.8
08/12/2008,249.3
08/13/2008,119.3
08/14/2008,NA
08/15/2008,7.8
08/18/2008,0.6
08/19/2008,200.1
08/20/2008,735.3
08/21/2008,1178
08/22/2008,122.3
08/25/2008,10.1
08/26/2008,127.6
08/27/2008,71.6
08/28/2008,308.8
08/29/2008,212.4
09/01/2008,35.7
09/02/2008,119.6
09/03/2008,71.4
09/04/2008,646.2
09/05/2008,0.7
09/08/2008,6
09/09/2008,194.4
09/10/2008,380.4
09/11/2008,331.3
09/12/2008,29.7
09/15/2008,3
09/16/2008,108.6
09/17/2008,202.1
09/18/2008,7.5
09/19/2008,174.2
09/22/2008,121.8
09/23/2008,NA
09/24/2008,NA
09/25/2008,60
09/26/2008,24.9
09/29/2008,12.5
09/30/2008,622.1
10/01/2008,99.3
10/02/2008,407.8
10/03/2008,291.9
10/06/2008,352.2
10/07/2008,0.9
10/08/2008,1.4
10/09/2008,12.7
10/10/2008,8.1
10/13/2008,18.8
10/14/2008,16.2
10/15/2008,11.9
10/16/2008,8.1
10/17/2008,120.9
10/20/2008,254.8
10/21/2008,15
10/22/2008,NA
10/23/2008,16.7
10/24/2008,200.2
10/27/2008,180.8
10/28/2008,7.6
10/29/2008,265.5
10/30/2008,224.5
10/31/2008,18.4
11/03/2008,46.3
11/04/2008,60.9
11/05/2008,31.5
11/06/2008,49
11/07/2008,201
11/10/2008,12
11/11/2008,205.9
11/12/2008,7.6
11/13/2008,0.9
11/14/2008,286.2
11/17/2008,96.5
11/18/2008,37.9
11/19/2008,16.4
11/20/2008,0.7
11/21/2008,37
11/24/2008,45.7
11/25/2008,0.1
11/26/2008,23
11/27/2008,35.9
11/28/2008,165.8
12/01/2008,0.8
12/02/2008,2
12/03/2008,18.8
12/04/2008,9
12/05/2008,93.1
12/08/2008,219.3
12/09/2008,58.6
12/10/2008,39
12/11/2008,539.8
12/12/2008,NA
12/15/2008,NA
12/16/2008,NA
12/17/2008,74
12/18/2008,229.8
12/19/2008,0.1
12/22/2008,0.5
12/23/2008,NA
12/24/2008,NA
12/25/2008,NA
12/26/2008,NA
12/29/2008,NA
12/30/2008,NA
12/31/2008,NA
01/01/2009,NA
01/02/2009,NA
01/05/2009,1.1
01/06/2009,7.7
01/07/2009,NA
01/08/2009,86.2
01/09/2009,2
01/12/2009,36
01/13/2009,1.7
01/14/2009,92.4
01/15/2009,13
01/16/2009,3
01/19/2009,NA
01/20/2009,0.5
01/21/2009,210.7
01/22/2009,743.9
01/23/2009,166.1
01/26/2009,770.4
01/27/2009,0
01/28/2009,NA
01/29/2009,3
01/30/2009,1629.1
02/02/2009,0.1
02/03/2009,463.3
02/04/2009,4
02/05/2009,NA
02/06/2009,NA
02/09/2009,3.1
02/10/2009,7.2
02/11/2009,0.2
02/12/2009,0.1
02/13/2009,3
02/16/2009,10.8
02/17/2009,NA
02/18/2009,21.2
02/19/2009,3.1
02/20/2009,3.8
02/23/2009,1.9
02/24/2009,957.3
02/25/2009,28
02/26/2009,121.5
02/27/2009,171
03/02/2009,6.2
03/03/2009,19.6
03/04/2009,22.4
03/05/2009,35.8
03/06/2009,5
03/09/2009,1.1
03/10/2009,10
03/11/2009,5.8
03/12/2009,NA
03/13/2009,1961
03/16/2009,4
03/17/2009,159.3
03/18/2009,8278.3
03/19/2009,0.4
03/20/2009,101.1
03/23/2009,5.9
03/24/2009,5.3
03/25/2009,7.7
03/26/2009,5.9
03/27/2009,153.4
03/30/2009,0.2
03/31/2009,3.1
04/01/2009,NA
04/02/2009,14.7
04/03/2009,8.5
04/06/2009,202.5
04/07/2009,6
04/08/2009,2.5
04/09/2009,86.7
04/10/2009,NA
04/13/2009,NA
04/14/2009,119
04/15/2009,18.5
04/16/2009,163.9
04/17/2009,NA
04/20/2009,7.1
04/21/2009,32.5
04/22/2009,NA
04/23/2009,6
04/24/2009,7
04/27/2009,NA
04/28/2009,250.2
04/29/2009,89.3
04/30/2009,218.2
05/01/2009,NA
05/04/2009,54.6
05/05/2009,94
05/06/2009,69.6
05/07/2009,147.1
05/08/2009,44.2
05/11/2009,409.3
05/12/2009,NA
05/13/2009,33.8
05/14/2009,2
05/15/2009,239.5
05/18/2009,89.5
05/19/2009,3.6
05/20/2009,28
05/21/2009,0.5
05/22/2009,7.9
05/25/2009,373.6
05/26/2009,443.3
05/27/2009,8.5
05/28/2009,111.8
05/29/2009,244.3
06/01/2009,990.3
06/02/2009,569.6
06/03/2009,180.8
06/04/2009,28.5
06/05/2009,48.3
06/08/2009,35.2
06/09/2009,265.1
06/10/2009,60.1
06/11/2009,77.9
06/12/2009,59.4
06/15/2009,NA
06/16/2009,NA
06/17/2009,25
06/18/2009,303.3
06/19/2009,16.7
06/22/2009,8
06/23/2009,151.5
06/24/2009,7
06/25/2009,11.7
06/26/2009,20
06/29/2009,46.5
06/30/2009,66.5
07/01/2009,20.7
07/02/2009,3
07/03/2009,344.2
07/06/2009,8
07/07/2009,NA
07/08/2009,NA
07/09/2009,4.1
07/10/2009,9.8
07/13/2009,11.5
07/14/2009,2
07/15/2009,49.5
07/16/2009,113.6
07/17/2009,58.1
07/20/2009,40.1
07/21/2009,3
07/22/2009,26.9
07/23/2009,47.4
07/24/2009,18.9
07/27/2009,56.5
07/28/2009,45.5
07/29/2009,9
07/30/2009,2.9
07/31/2009,13.8
08/03/2009,49
08/04/2009,88.3
08/05/2009,11.3
08/06/2009,47.3
08/07/2009,166.8
08/10/2009,NA
08/11/2009,197.4
08/12/2009,40.8
08/13/2009,327.1
08/14/2009,79.8
08/17/2009,131.3
08/18/2009,12
08/19/2009,193
08/20/2009,325
08/21/2009,594.9
08/24/2009,338.3
08/25/2009,700.8
08/26/2009,66.3
08/27/2009,3991
08/28/2009,113.7
08/31/2009,117.1
09/01/2009,82.6
09/02/2009,99
09/03/2009,324.8
09/04/2009,342.5
09/07/2009,661.7
09/08/2009,2014.6
09/09/2009,40.3
09/10/2009,99.1
09/11/2009,NA
09/14/2009,106.6
09/15/2009,182.8
09/16/2009,75
09/17/2009,554.2
09/18/2009,126.4
09/21/2009,40.6
09/22/2009,81
09/23/2009,3.7
09/24/2009,NA
09/25/2009,22
09/28/2009,46.3
09/29/2009,4.5
09/30/2009,50.4
10/01/2009,249.3
10/02/2009,79.5
10/05/2009,19.2
10/06/2009,626.3
10/07/2009,665.9
10/08/2009,505.7
10/09/2009,24.5
10/12/2009,4.7
10/13/2009,611.4
10/14/2009,5113.5
10/15/2009,NA
10/16/2009,61.6
10/19/2009,55
10/20/2009,186
10/21/2009,40
10/22/2009,7.3
10/23/2009,41.3
10/26/2009,8.3
10/27/2009,162
10/28/2009,64.1
10/29/2009,3.7
10/30/2009,47.1
11/02/2009,21.5
11/03/2009,223
11/04/2009,29
11/05/2009,NA
11/06/2009,41.7
11/09/2009,155.7
11/10/2009,481.7
11/11/2009,44.4
11/12/2009,74.2
11/13/2009,NA
11/16/2009,28
11/17/2009,542.4
11/18/2009,33.9
11/19/2009,28.3
11/20/2009,4.7
11/23/2009,40.6
11/24/2009,1.7
11/25/2009,19.3
11/26/2009,233.9
11/27/2009,79.2
11/30/2009,13.6
12/01/2009,100.1
12/02/2009,NA
12/03/2009,165
12/04/2009,5659.1
12/07/2009,7.9
12/08/2009,5.2
12/09/2009,24
12/10/2009,73.1
12/11/2009,10
12/14/2009,1
12/15/2009,1
12/16/2009,NA
12/17/2009,NA
12/18/2009,15.5
12/21/2009,1
12/22/2009,7
12/23/2009,NA
12/24/2009,121.2
12/25/2009,NA
12/28/2009,2.5
12/29/2009,7.7
12/30/2009,NA
12/31/2009,20
01/01/2010,NA
01/04/2010,88
01/05/2010,22.8
01/06/2010,381.1
01/07/2010,5
01/08/2010,50.3
01/11/2010,58.3
01/12/2010,18.1
01/13/2010,40.1
01/14/2010,11.2
01/15/2010,82.9
01/18/2010,273.3
01/19/2010,129.7
01/20/2010,266.2
01/21/2010,797.4
01/22/2010,36.8
01/25/2010,451.9
01/26/2010,1216.3
01/27/2010,25.8
01/28/2010,109
01/29/2010,29
02/01/2010,9.1
02/02/2010,1.2
02/03/2010,13.4
02/04/2010,0.7
02/05/2010,113.9
02/08/2010,32
02/09/2010,12
02/10/2010,12.8
02/11/2010,7.2
02/12/2010,1146.7
02/15/2010,491.2
02/16/2010,64.9
02/17/2010,20
02/18/2010,40.5
02/19/2010,7.4
02/22/2010,9.9
02/23/2010,28
02/24/2010,7.2
02/25/2010,44.4
02/26/2010,56.2
03/01/2010,37.9
03/02/2010,58.9
03/03/2010,3406
03/04/2010,48.7
03/05/2010,13.1
03/08/2010,49.8
03/09/2010,2.8
03/10/2010,61.4
03/11/2010,1551.6
03/12/2010,19.7
03/15/2010,27.3
03/16/2010,33.8
03/17/2010,516.6
03/18/2010,4.5
03/19/2010,6.1
03/22/2010,NA
03/23/2010,4
03/24/2010,176.4
03/25/2010,12.3
03/26/2010,27.2
03/29/2010,77.3
03/30/2010,141
03/31/2010,102.8
04/01/2010,115
04/02/2010,NA
04/05/2010,NA
04/06/2010,161.9
04/07/2010,85.1
04/08/2010,113.7
04/09/2010,149.6
04/12/2010,1367.2
04/13/2010,81.5
04/14/2010,56.8
04/15/2010,25.9
04/16/2010,43.6
04/19/2010,87
04/20/2010,15
04/21/2010,4.5
04/22/2010,9.5
04/23/2010,105.9
04/26/2010,117
04/27/2010,NA
04/28/2010,179.8
04/29/2010,726
04/30/2010,110.8
05/03/2010,37.4
05/04/2010,NA
05/05/2010,26.3
05/06/2010,31.7
05/07/2010,187.7
05/10/2010,63.3
05/11/2010,109.9
05/12/2010,55.8
05/13/2010,1
05/14/2010,148.3
05/17/2010,2.5
05/18/2010,11.6
05/19/2010,NA
05/20/2010,358.1
05/21/2010,60.6
05/24/2010,134.2
05/25/2010,28.7
05/26/2010,56.3
05/27/2010,241.6
05/28/2010,113.9
05/31/2010,13.5
06/01/2010,236.7
06/02/2010,34.7
06/03/2010,124.9
06/04/2010,17.1
06/07/2010,8.1
06/08/2010,99
06/09/2010,386.8
06/10/2010,51.8
06/11/2010,5
06/14/2010,55.2
06/15/2010,175.5
06/16/2010,NA
06/17/2010,16.8
06/18/2010,42.5
06/21/2010,5.5
06/22/2010,55.8
06/23/2010,414.7
06/24/2010,6.7
06/25/2010,205
06/28/2010,276.9
06/29/2010,2535.3
06/30/2010,NA
07/01/2010,54.6
07/02/2010,41
07/05/2010,522.4
07/06/2010,202.3
07/07/2010,0.3
07/08/2010,200.1
07/09/2010,97.2
07/12/2010,62.4
07/13/2010,0.4
07/14/2010,5
07/15/2010,851.3
07/16/2010,164.1
07/19/2010,427.4
07/20/2010,192
07/21/2010,558.3
07/22/2010,96.9
07/23/2010,152
07/26/2010,2.8
07/27/2010,20.5
07/28/2010,66.7
07/29/2010,3.9
07/30/2010,246.9
08/02/2010,26.8
08/03/2010,3
08/04/2010,2.4
08/05/2010,411.8
08/06/2010,1.6
08/09/2010,NA
08/10/2010,20.3
08/11/2010,NA
08/12/2010,102.8
08/13/2010,47.2
08/16/2010,84.2
08/17/2010,35
08/18/2010,127.7
08/19/2010,25.8
08/20/2010,78
08/23/2010,19.7
08/24/2010,2
08/25/2010,95.7
08/26/2010,63.8
08/27/2010,12
08/30/2010,34.8
08/31/2010,71.8
09/01/2010,21.5
09/02/2010,39.5
09/03/2010,1254.9
09/06/2010,32
09/07/2010,198.6
09/08/2010,44.2
09/09/2010,NA
09/10/2010,187.1
09/13/2010,27
09/14/2010,58.5
09/15/2010,22.1
09/16/2010,77.7
09/17/2010,224.4
09/20/2010,NA
09/21/2010,21.2
09/22/2010,22.5
09/23/2010,117.3
09/24/2010,NA
09/27/2010,109.2
09/28/2010,2998.2
09/29/2010,38.7
09/30/2010,28.8
10/01/2010,22.8
10/04/2010,67.1
10/05/2010,43.9
10/06/2010,2096.7
10/07/2010,104.5
10/08/2010,316.5
10/11/2010,46.6
10/12/2010,432.4
10/13/2010,1827.4
10/14/2010,5.9
10/15/2010,88.8
10/18/2010,70.1
10/19/2010,41.4
10/20/2010,75.7
10/21/2010,23.8
10/22/2010,80.3
10/25/2010,1
10/26/2010,5.7
10/27/2010,4.1
10/28/2010,103.6
10/29/2010,25.6
11/01/2010,203.5
11/02/2010,69.1
11/03/2010,3049.3
11/04/2010,41.1
11/05/2010,95.5
11/08/2010,195.6
11/09/2010,19.8
11/10/2010,162.8
11/11/2010,14.2
11/12/2010,153.8
11/15/2010,132.8
11/16/2010,19.1
11/17/2010,32.7
11/18/2010,30.2
11/19/2010,98.9
11/22/2010,9.9
11/23/2010,10.1
11/24/2010,19.9
11/25/2010,36.4
11/26/2010,92.1
11/29/2010,30
11/30/2010,651
12/01/2010,2324.4
12/02/2010,29.5
12/03/2010,220.3
12/06/2010,13.7
12/07/2010,3.3
12/08/2010,57.6
12/09/2010,751.5
12/10/2010,71.2
12/13/2010,178.4
12/14/2010,42.3
12/15/2010,377.7
12/16/2010,NA
12/17/2010,288.4
12/20/2010,30.3
12/21/2010,20.3
12/22/2010,52.4
12/23/2010,89.3
12/24/2010,NA
12/27/2010,NA
12/28/2010,27.5
12/29/2010,10.3
12/30/2010,65.9
12/31/2010,1.4
01/03/2011,101.8
01/04/2011,NA
01/05/2011,301
01/06/2011,0.2
01/07/2011,3.6
01/10/2011,3.3
01/11/2011,33.3
01/12/2011,44.5
01/13/2011,59.2
01/14/2011,2.8
01/17/2011,2.3
01/18/2011,92
01/19/2011,26.2
01/20/2011,5.8
01/21/2011,15.4
01/24/2011,20.6
01/25/2011,4.2
01/26/2011,75.5
01/27/2011,62.3
01/28/2011,79
01/31/2011,33
02/01/2011,NA
02/02/2011,1.6
02/03/2011,31
02/04/2011,68.9
02/07/2011,74.7
02/08/2011,73.4
02/09/2011,16.5
02/10/2011,6.3
02/11/2011,NA
02/14/2011,7.7
02/15/2011,6.3
02/16/2011,11.2
02/17/2011,35.1
02/18/2011,120
02/21/2011,3.2
02/22/2011,52.5
02/23/2011,135.9
02/24/2011,99.2
02/25/2011,171.7
02/28/2011,76.3
03/01/2011,44.7
03/02/2011,75.8
03/03/2011,NA
03/04/2011,42
03/07/2011,13
03/08/2011,50
03/09/2011,25
03/10/2011,72.1
03/11/2011,5.8
03/14/2011,NA
03/15/2011,104.4
03/16/2011,534.5
03/17/2011,0.1
03/18/2011,62.2
03/21/2011,NA
03/22/2011,181.4
03/23/2011,219.7
03/24/2011,75
03/25/2011,5.1
03/28/2011,148.3
03/29/2011,418.3
03/30/2011,360.9
03/31/2011,545.9
04/01/2011,129
04/04/2011,NA
04/05/2011,14.4
04/06/2011,170.5
04/07/2011,129.1
04/08/2011,4.9
04/11/2011,45.6
04/12/2011,48.8
04/13/2011,57.7
04/14/2011,2.2
04/15/2011,14.1
04/18/2011,118.8
04/19/2011,11.5
04/20/2011,19.3
04/21/2011,19.8
04/22/2011,NA
04/25/2011,NA
04/26/2011,87.5
04/27/2011,NA
04/28/2011,141.1
04/29/2011,0.1
05/02/2011,NA
05/03/2011,153
05/04/2011,87.3
05/05/2011,2.5
05/06/2011,130
05/09/2011,150
05/10/2011,27.8
05/11/2011,31.1
05/12/2011,NA
05/13/2011,71.2
05/16/2011,40
05/17/2011,33.1
05/18/2011,NA
05/19/2011,94.4
05/20/2011,60.4
05/23/2011,8.5
05/24/2011,221
05/25/2011,75.3
05/26/2011,8.8
05/27/2011,16.6
05/30/2011,111.1
05/31/2011,25.4
06/01/2011,282.6
06/02/2011,10
06/03/2011,6.5
06/06/2011,16
06/07/2011,1367.6
06/08/2011,204.9
06/09/2011,96.8
06/10/2011,166.1
06/13/2011,301.4
06/14/2011,37.9
06/15/2011,279.7
06/16/2011,NA
06/17/2011,390.8
06/20/2011,312.2
06/21/2011,45
06/22/2011,420.3
06/23/2011,60
06/24/2011,129
06/27/2011,129.2
06/28/2011,767.5
06/29/2011,72
06/30/2011,189.2
07/01/2011,24.7
07/04/2011,5
07/05/2011,802.2
07/06/2011,205
07/07/2011,699.1
07/08/2011,212.5
07/11/2011,949.3
07/12/2011,273.4
07/13/2011,436.8
07/14/2011,4.6
07/15/2011,16
07/18/2011,75.5
07/19/2011,34.8
07/20/2011,157
07/21/2011,53.9
07/22/2011,11
07/25/2011,80.6
07/26/2011,2.8
07/27/2011,57.1
07/28/2011,36.4
07/29/2011,113.2
08/01/2011,125.5
08/02/2011,215.1
08/03/2011,7.1
08/04/2011,17.1
08/05/2011,103.3
08/08/2011,37.5
08/09/2011,NA
08/10/2011,70
08/11/2011,223.6
08/12/2011,156.5
08/15/2011,493.8
08/16/2011,0.4
08/17/2011,170.5
08/18/2011,0.4
08/19/2011,251.6
08/22/2011,99.2
08/23/2011,27.9
08/24/2011,21.4
08/25/2011,58.1
08/26/2011,85
08/29/2011,69.8
08/30/2011,758.3
08/31/2011,1085.3
09/01/2011,2150.9
09/02/2011,140.9
09/05/2011,6
09/06/2011,6.3
09/07/2011,7.7
09/08/2011,1776.2
09/09/2011,666
09/12/2011,23.5
09/13/2011,62.8
09/14/2011,392.1
09/15/2011,237.5
09/16/2011,242.3
09/19/2011,50.6
09/20/2011,267.6
09/21/2011,16.5
09/22/2011,2.4
09/23/2011,7.4
09/26/2011,NA
09/27/2011,61.5
09/28/2011,803.7
09/29/2011,NA
09/30/2011,6.5
10/03/2011,13.8
10/04/2011,17.9
10/05/2011,121.1
10/06/2011,NA
10/07/2011,11.1
10/10/2011,32.4
10/11/2011,156.4
10/12/2011,266.6
10/13/2011,NA
10/14/2011,45.9
10/17/2011,66.3
10/18/2011,38.3
10/19/2011,22.1
10/20/2011,4.8
10/21/2011,88.5
10/24/2011,22.9
10/25/2011,127.6
10/26/2011,246.6
10/27/2011,5.4
10/28/2011,15.2
10/31/2011,1.7
11/01/2011,87.5
11/02/2011,63
11/03/2011,100
11/04/2011,24.1
11/07/2011,216.8
11/08/2011,10.3
11/09/2011,6.6
11/10/2011,30.9
11/11/2011,246.8
11/14/2011,10.7
11/15/2011,36
11/16/2011,242.9
11/17/2011,NA
11/18/2011,68.6
11/21/2011,14.1
11/22/2011,818.4
11/23/2011,70.9
11/24/2011,16.9
11/25/2011,NA
11/28/2011,NA
11/29/2011,10.1
11/30/2011,38.5
12/01/2011,37.5
12/02/2011,7.8
12/05/2011,394.4
12/06/2011,473.9
12/07/2011,1
12/08/2011,65.1
12/09/2011,3
12/12/2011,147.5
12/13/2011,41.6
12/14/2011,315.5
12/15/2011,329.3
12/16/2011,NA
12/19/2011,14.8
12/20/2011,14
12/21/2011,16.7
12/22/2011,129.3
12/23/2011,20.1
12/26/2011,NA
12/27/2011,NA
12/28/2011,8.6
12/29/2011,NA
12/30/2011,NA
01/02/2012,NA
01/03/2012,137.4
01/04/2012,759.2
01/05/2012,55.4
01/06/2012,4.8
01/09/2012,25.3
01/10/2012,60.4
01/11/2012,1.3
01/12/2012,42.8
01/13/2012,NA
01/16/2012,39.7
01/17/2012,3.7
01/18/2012,196
01/19/2012,NA
01/20/2012,29
01/23/2012,15.5
01/24/2012,140.5
01/25/2012,98.1
01/26/2012,0.3
01/27/2012,NA
01/30/2012,168.1
01/31/2012,72.5
02/01/2012,101.7
02/02/2012,85.8
02/03/2012,14
02/06/2012,11.1
02/07/2012,197.5
02/08/2012,45.5
02/09/2012,218.6
02/10/2012,69.7
02/13/2012,40.9
02/14/2012,14
02/15/2012,11.4
02/16/2012,589
02/17/2012,143.9
02/20/2012,88.5
02/21/2012,191.5
02/22/2012,325.4
02/23/2012,NA
02/24/2012,18.8
02/27/2012,329.7
02/28/2012,55
02/29/2012,1038.1
03/01/2012,275.5
03/02/2012,466.9
03/05/2012,15.4
03/06/2012,23.6
03/07/2012,522.9
03/08/2012,72.1
03/09/2012,31.5
03/12/2012,172.7
03/13/2012,504.7
03/14/2012,1423.5
03/15/2012,70
03/16/2012,55
03/19/2012,NA
03/20/2012,25.9
03/21/2012,NA
03/22/2012,59.4
03/23/2012,3.2
03/26/2012,2.4
03/27/2012,61.7
03/28/2012,54.8
03/29/2012,122
03/30/2012,36.1
04/02/2012,15.8
04/03/2012,10.3
04/04/2012,9.1
04/05/2012,0.7
04/06/2012,NA
04/09/2012,NA
04/10/2012,9.4
04/11/2012,NA
04/12/2012,101
04/13/2012,454.2
04/16/2012,0.1
04/17/2012,3.8
04/18/2012,3.8
04/19/2012,67
04/20/2012,275
04/23/2012,15.8
04/24/2012,64.1
04/25/2012,17.4
04/26/2012,94.1
04/27/2012,NA
04/30/2012,69.1
05/01/2012,NA
05/02/2012,0.2
05/03/2012,9.8
05/04/2012,3
05/07/2012,NA
05/08/2012,7.2
05/09/2012,55.4
05/10/2012,1.5
05/11/2012,10.9
05/14/2012,1.1
05/15/2012,2.6
05/16/2012,202
05/17/2012,17.4
05/18/2012,46.5
05/21/2012,52.6
05/22/2012,13.1
05/23/2012,17.2
05/24/2012,376.8
05/25/2012,458.8
05/28/2012,3.5
05/29/2012,574.5
05/30/2012,247.6
05/31/2012,368.8
06/01/2012,486.7
06/04/2012,247
06/05/2012,86.7
06/06/2012,531.1
06/07/2012,15.2
06/08/2012,2.9
06/11/2012,1
06/12/2012,501
06/13/2012,15.1
06/14/2012,305.7
06/15/2012,0.1
06/18/2012,6.6
06/19/2012,NA
06/20/2012,371.4
06/21/2012,54.9
06/22/2012,185
06/25/2012,41.9
06/26/2012,49.4
06/27/2012,26.1
06/28/2012,5.5
06/29/2012,100
07/02/2012,21.9
07/03/2012,27.6
07/04/2012,149.3
07/05/2012,6.7
07/06/2012,14.9
07/09/2012,51.7
07/10/2012,8
07/11/2012,60
07/12/2012,15.6
07/13/2012,8.8
07/16/2012,128.3
07/17/2012,97.5
07/18/2012,687.2
07/19/2012,134.6
07/20/2012,271.2
07/23/2012,2.3
07/24/2012,50.6
07/25/2012,292.7
07/26/2012,5.3
07/27/2012,19.7
07/30/2012,4.1
07/31/2012,18.7
08/01/2012,14.9
08/02/2012,2.2
08/03/2012,16.2
08/06/2012,7.8
08/07/2012,148.3
08/08/2012,555.4
08/09/2012,NA
08/10/2012,41.6
08/13/2012,12.1
08/14/2012,54.5
08/15/2012,100.3
08/16/2012,204.1
08/17/2012,110.2
08/20/2012,6.8
08/21/2012,36.5
08/22/2012,72.7
08/23/2012,10.1
08/24/2012,16
08/27/2012,3.3
08/28/2012,61.6
08/29/2012,NA
08/30/2012,360.3
08/31/2012,404.2
09/03/2012,906.1
09/04/2012,337.8
09/05/2012,NA
09/06/2012,196.2
09/07/2012,312.1
09/10/2012,308.1
09/11/2012,201.6
09/12/2012,NA
09/13/2012,382.5
09/14/2012,494.5
09/17/2012,386.1
09/18/2012,221.4
09/19/2012,112
09/20/2012,335.2
09/21/2012,37.7
09/24/2012,NA
09/25/2012,24.4
09/26/2012,17.8
09/27/2012,18.1
09/28/2012,54.8
10/01/2012,22.7
10/02/2012,74.5
10/03/2012,0.7
10/04/2012,1.5
10/05/2012,4.7
10/08/2012,57.3
10/09/2012,NA
10/10/2012,229.9
10/11/2012,465.1
10/12/2012,261.3
10/15/2012,230.6
10/16/2012,291.2
10/17/2012,33.6
10/18/2012,38.4
10/19/2012,13.1
10/22/2012,15.7
10/23/2012,7
10/24/2012,6
10/25/2012,95
10/26/2012,19.1
10/29/2012,29.8
10/30/2012,333.6
10/31/2012,933.1
11/01/2012,6.5
11/02/2012,84.7
11/05/2012,21.8
11/06/2012,249.9
11/07/2012,90.1
11/08/2012,57.4
11/09/2012,0.4
11/12/2012,17.2
11/13/2012,26.8
11/14/2012,NA
11/15/2012,319.2
11/16/2012,272.7
11/19/2012,52.7
11/20/2012,NA
11/21/2012,6.8
11/22/2012,NA
11/23/2012,NA
11/26/2012,NA
11/27/2012,152.7
11/28/2012,NA
11/29/2012,4.8
11/30/2012,275.9
12/03/2012,32.1
12/04/2012,NA
12/05/2012,NA
12/06/2012,587
12/07/2012,35.9
12/10/2012,14.1
12/11/2012,NA
12/12/2012,443.1
12/13/2012,245.2
12/14/2012,0.4
12/17/2012,NA
12/18/2012,3.2
12/19/2012,NA
12/20/2012,20.5
12/21/2012,21.5
12/24/2012,NA
12/25/2012,NA
12/26/2012,NA
12/27/2012,NA
12/28/2012,5.3
12/31/2012,NA
