Start,01/01/1992
End,12/31/2012
Frequency,D
Name,DATACENTRIX - TURNOVER BY VOLUME
Code,687283(VO)
CURRENCY,R
01/01/1992,NA
01/02/1992,NA
01/03/1992,NA
01/06/1992,NA
01/07/1992,NA
01/08/1992,NA
01/09/1992,NA
01/10/1992,NA
01/13/1992,NA
01/14/1992,NA
01/15/1992,NA
01/16/1992,NA
01/17/1992,NA
01/20/1992,NA
01/21/1992,NA
01/22/1992,NA
01/23/1992,NA
01/24/1992,NA
01/27/1992,NA
01/28/1992,NA
01/29/1992,NA
01/30/1992,NA
01/31/1992,NA
02/03/1992,NA
02/04/1992,NA
02/05/1992,NA
02/06/1992,NA
02/07/1992,NA
02/10/1992,NA
02/11/1992,NA
02/12/1992,NA
02/13/1992,NA
02/14/1992,NA
02/17/1992,NA
02/18/1992,NA
02/19/1992,NA
02/20/1992,NA
02/21/1992,NA
02/24/1992,NA
02/25/1992,NA
02/26/1992,NA
02/27/1992,NA
02/28/1992,NA
03/02/1992,NA
03/03/1992,NA
03/04/1992,NA
03/05/1992,NA
03/06/1992,NA
03/09/1992,NA
03/10/1992,NA
03/11/1992,NA
03/12/1992,NA
03/13/1992,NA
03/16/1992,NA
03/17/1992,NA
03/18/1992,NA
03/19/1992,NA
03/20/1992,NA
03/23/1992,NA
03/24/1992,NA
03/25/1992,NA
03/26/1992,NA
03/27/1992,NA
03/30/1992,NA
03/31/1992,NA
04/01/1992,NA
04/02/1992,NA
04/03/1992,NA
04/06/1992,NA
04/07/1992,NA
04/08/1992,NA
04/09/1992,NA
04/10/1992,NA
04/13/1992,NA
04/14/1992,NA
04/15/1992,NA
04/16/1992,NA
04/17/1992,NA
04/20/1992,NA
04/21/1992,NA
04/22/1992,NA
04/23/1992,NA
04/24/1992,NA
04/27/1992,NA
04/28/1992,NA
04/29/1992,NA
04/30/1992,NA
05/01/1992,NA
05/04/1992,NA
05/05/1992,NA
05/06/1992,NA
05/07/1992,NA
05/08/1992,NA
05/11/1992,NA
05/12/1992,NA
05/13/1992,NA
05/14/1992,NA
05/15/1992,NA
05/18/1992,NA
05/19/1992,NA
05/20/1992,NA
05/21/1992,NA
05/22/1992,NA
05/25/1992,NA
05/26/1992,NA
05/27/1992,NA
05/28/1992,NA
05/29/1992,NA
06/01/1992,NA
06/02/1992,NA
06/03/1992,NA
06/04/1992,NA
06/05/1992,NA
06/08/1992,NA
06/09/1992,NA
06/10/1992,NA
06/11/1992,NA
06/12/1992,NA
06/15/1992,NA
06/16/1992,NA
06/17/1992,NA
06/18/1992,NA
06/19/1992,NA
06/22/1992,NA
06/23/1992,NA
06/24/1992,NA
06/25/1992,NA
06/26/1992,NA
06/29/1992,NA
06/30/1992,NA
07/01/1992,NA
07/02/1992,NA
07/03/1992,NA
07/06/1992,NA
07/07/1992,NA
07/08/1992,NA
07/09/1992,NA
07/10/1992,NA
07/13/1992,NA
07/14/1992,NA
07/15/1992,NA
07/16/1992,NA
07/17/1992,NA
07/20/1992,NA
07/21/1992,NA
07/22/1992,NA
07/23/1992,NA
07/24/1992,NA
07/27/1992,NA
07/28/1992,NA
07/29/1992,NA
07/30/1992,NA
07/31/1992,NA
08/03/1992,NA
08/04/1992,NA
08/05/1992,NA
08/06/1992,NA
08/07/1992,NA
08/10/1992,NA
08/11/1992,NA
08/12/1992,NA
08/13/1992,NA
08/14/1992,NA
08/17/1992,NA
08/18/1992,NA
08/19/1992,NA
08/20/1992,NA
08/21/1992,NA
08/24/1992,NA
08/25/1992,NA
08/26/1992,NA
08/27/1992,NA
08/28/1992,NA
08/31/1992,NA
09/01/1992,NA
09/02/1992,NA
09/03/1992,NA
09/04/1992,NA
09/07/1992,NA
09/08/1992,NA
09/09/1992,NA
09/10/1992,NA
09/11/1992,NA
09/14/1992,NA
09/15/1992,NA
09/16/1992,NA
09/17/1992,NA
09/18/1992,NA
09/21/1992,NA
09/22/1992,NA
09/23/1992,NA
09/24/1992,NA
09/25/1992,NA
09/28/1992,NA
09/29/1992,NA
09/30/1992,NA
10/01/1992,NA
10/02/1992,NA
10/05/1992,NA
10/06/1992,NA
10/07/1992,NA
10/08/1992,NA
10/09/1992,NA
10/12/1992,NA
10/13/1992,NA
10/14/1992,NA
10/15/1992,NA
10/16/1992,NA
10/19/1992,NA
10/20/1992,NA
10/21/1992,NA
10/22/1992,NA
10/23/1992,NA
10/26/1992,NA
10/27/1992,NA
10/28/1992,NA
10/29/1992,NA
10/30/1992,NA
11/02/1992,NA
11/03/1992,NA
11/04/1992,NA
11/05/1992,NA
11/06/1992,NA
11/09/1992,NA
11/10/1992,NA
11/11/1992,NA
11/12/1992,NA
11/13/1992,NA
11/16/1992,NA
11/17/1992,NA
11/18/1992,NA
11/19/1992,NA
11/20/1992,NA
11/23/1992,NA
11/24/1992,NA
11/25/1992,NA
11/26/1992,NA
11/27/1992,NA
11/30/1992,NA
12/01/1992,NA
12/02/1992,NA
12/03/1992,NA
12/04/1992,NA
12/07/1992,NA
12/08/1992,NA
12/09/1992,NA
12/10/1992,NA
12/11/1992,NA
12/14/1992,NA
12/15/1992,NA
12/16/1992,NA
12/17/1992,NA
12/18/1992,NA
12/21/1992,NA
12/22/1992,NA
12/23/1992,NA
12/24/1992,NA
12/25/1992,NA
12/28/1992,NA
12/29/1992,NA
12/30/1992,NA
12/31/1992,NA
01/01/1993,NA
01/04/1993,NA
01/05/1993,NA
01/06/1993,NA
01/07/1993,NA
01/08/1993,NA
01/11/1993,NA
01/12/1993,NA
01/13/1993,NA
01/14/1993,NA
01/15/1993,NA
01/18/1993,NA
01/19/1993,NA
01/20/1993,NA
01/21/1993,NA
01/22/1993,NA
01/25/1993,NA
01/26/1993,NA
01/27/1993,NA
01/28/1993,NA
01/29/1993,NA
02/01/1993,NA
02/02/1993,NA
02/03/1993,NA
02/04/1993,NA
02/05/1993,NA
02/08/1993,NA
02/09/1993,NA
02/10/1993,NA
02/11/1993,NA
02/12/1993,NA
02/15/1993,NA
02/16/1993,NA
02/17/1993,NA
02/18/1993,NA
02/19/1993,NA
02/22/1993,NA
02/23/1993,NA
02/24/1993,NA
02/25/1993,NA
02/26/1993,NA
03/01/1993,NA
03/02/1993,NA
03/03/1993,NA
03/04/1993,NA
03/05/1993,NA
03/08/1993,NA
03/09/1993,NA
03/10/1993,NA
03/11/1993,NA
03/12/1993,NA
03/15/1993,NA
03/16/1993,NA
03/17/1993,NA
03/18/1993,NA
03/19/1993,NA
03/22/1993,NA
03/23/1993,NA
03/24/1993,NA
03/25/1993,NA
03/26/1993,NA
03/29/1993,NA
03/30/1993,NA
03/31/1993,NA
04/01/1993,NA
04/02/1993,NA
04/05/1993,NA
04/06/1993,NA
04/07/1993,NA
04/08/1993,NA
04/09/1993,NA
04/12/1993,NA
04/13/1993,NA
04/14/1993,NA
04/15/1993,NA
04/16/1993,NA
04/19/1993,NA
04/20/1993,NA
04/21/1993,NA
04/22/1993,NA
04/23/1993,NA
04/26/1993,NA
04/27/1993,NA
04/28/1993,NA
04/29/1993,NA
04/30/1993,NA
05/03/1993,NA
05/04/1993,NA
05/05/1993,NA
05/06/1993,NA
05/07/1993,NA
05/10/1993,NA
05/11/1993,NA
05/12/1993,NA
05/13/1993,NA
05/14/1993,NA
05/17/1993,NA
05/18/1993,NA
05/19/1993,NA
05/20/1993,NA
05/21/1993,NA
05/24/1993,NA
05/25/1993,NA
05/26/1993,NA
05/27/1993,NA
05/28/1993,NA
05/31/1993,NA
06/01/1993,NA
06/02/1993,NA
06/03/1993,NA
06/04/1993,NA
06/07/1993,NA
06/08/1993,NA
06/09/1993,NA
06/10/1993,NA
06/11/1993,NA
06/14/1993,NA
06/15/1993,NA
06/16/1993,NA
06/17/1993,NA
06/18/1993,NA
06/21/1993,NA
06/22/1993,NA
06/23/1993,NA
06/24/1993,NA
06/25/1993,NA
06/28/1993,NA
06/29/1993,NA
06/30/1993,NA
07/01/1993,NA
07/02/1993,NA
07/05/1993,NA
07/06/1993,NA
07/07/1993,NA
07/08/1993,NA
07/09/1993,NA
07/12/1993,NA
07/13/1993,NA
07/14/1993,NA
07/15/1993,NA
07/16/1993,NA
07/19/1993,NA
07/20/1993,NA
07/21/1993,NA
07/22/1993,NA
07/23/1993,NA
07/26/1993,NA
07/27/1993,NA
07/28/1993,NA
07/29/1993,NA
07/30/1993,NA
08/02/1993,NA
08/03/1993,NA
08/04/1993,NA
08/05/1993,NA
08/06/1993,NA
08/09/1993,NA
08/10/1993,NA
08/11/1993,NA
08/12/1993,NA
08/13/1993,NA
08/16/1993,NA
08/17/1993,NA
08/18/1993,NA
08/19/1993,NA
08/20/1993,NA
08/23/1993,NA
08/24/1993,NA
08/25/1993,NA
08/26/1993,NA
08/27/1993,NA
08/30/1993,NA
08/31/1993,NA
09/01/1993,NA
09/02/1993,NA
09/03/1993,NA
09/06/1993,NA
09/07/1993,NA
09/08/1993,NA
09/09/1993,NA
09/10/1993,NA
09/13/1993,NA
09/14/1993,NA
09/15/1993,NA
09/16/1993,NA
09/17/1993,NA
09/20/1993,NA
09/21/1993,NA
09/22/1993,NA
09/23/1993,NA
09/24/1993,NA
09/27/1993,NA
09/28/1993,NA
09/29/1993,NA
09/30/1993,NA
10/01/1993,NA
10/04/1993,NA
10/05/1993,NA
10/06/1993,NA
10/07/1993,NA
10/08/1993,NA
10/11/1993,NA
10/12/1993,NA
10/13/1993,NA
10/14/1993,NA
10/15/1993,NA
10/18/1993,NA
10/19/1993,NA
10/20/1993,NA
10/21/1993,NA
10/22/1993,NA
10/25/1993,NA
10/26/1993,NA
10/27/1993,NA
10/28/1993,NA
10/29/1993,NA
11/01/1993,NA
11/02/1993,NA
11/03/1993,NA
11/04/1993,NA
11/05/1993,NA
11/08/1993,NA
11/09/1993,NA
11/10/1993,NA
11/11/1993,NA
11/12/1993,NA
11/15/1993,NA
11/16/1993,NA
11/17/1993,NA
11/18/1993,NA
11/19/1993,NA
11/22/1993,NA
11/23/1993,NA
11/24/1993,NA
11/25/1993,NA
11/26/1993,NA
11/29/1993,NA
11/30/1993,NA
12/01/1993,NA
12/02/1993,NA
12/03/1993,NA
12/06/1993,NA
12/07/1993,NA
12/08/1993,NA
12/09/1993,NA
12/10/1993,NA
12/13/1993,NA
12/14/1993,NA
12/15/1993,NA
12/16/1993,NA
12/17/1993,NA
12/20/1993,NA
12/21/1993,NA
12/22/1993,NA
12/23/1993,NA
12/24/1993,NA
12/27/1993,NA
12/28/1993,NA
12/29/1993,NA
12/30/1993,NA
12/31/1993,NA
01/03/1994,NA
01/04/1994,NA
01/05/1994,NA
01/06/1994,NA
01/07/1994,NA
01/10/1994,NA
01/11/1994,NA
01/12/1994,NA
01/13/1994,NA
01/14/1994,NA
01/17/1994,NA
01/18/1994,NA
01/19/1994,NA
01/20/1994,NA
01/21/1994,NA
01/24/1994,NA
01/25/1994,NA
01/26/1994,NA
01/27/1994,NA
01/28/1994,NA
01/31/1994,NA
02/01/1994,NA
02/02/1994,NA
02/03/1994,NA
02/04/1994,NA
02/07/1994,NA
02/08/1994,NA
02/09/1994,NA
02/10/1994,NA
02/11/1994,NA
02/14/1994,NA
02/15/1994,NA
02/16/1994,NA
02/17/1994,NA
02/18/1994,NA
02/21/1994,NA
02/22/1994,NA
02/23/1994,NA
02/24/1994,NA
02/25/1994,NA
02/28/1994,NA
03/01/1994,NA
03/02/1994,NA
03/03/1994,NA
03/04/1994,NA
03/07/1994,NA
03/08/1994,NA
03/09/1994,NA
03/10/1994,NA
03/11/1994,NA
03/14/1994,NA
03/15/1994,NA
03/16/1994,NA
03/17/1994,NA
03/18/1994,NA
03/21/1994,NA
03/22/1994,NA
03/23/1994,NA
03/24/1994,NA
03/25/1994,NA
03/28/1994,NA
03/29/1994,NA
03/30/1994,NA
03/31/1994,NA
04/01/1994,NA
04/04/1994,NA
04/05/1994,NA
04/06/1994,NA
04/07/1994,NA
04/08/1994,NA
04/11/1994,NA
04/12/1994,NA
04/13/1994,NA
04/14/1994,NA
04/15/1994,NA
04/18/1994,NA
04/19/1994,NA
04/20/1994,NA
04/21/1994,NA
04/22/1994,NA
04/25/1994,NA
04/26/1994,NA
04/27/1994,NA
04/28/1994,NA
04/29/1994,NA
05/02/1994,NA
05/03/1994,NA
05/04/1994,NA
05/05/1994,NA
05/06/1994,NA
05/09/1994,NA
05/10/1994,NA
05/11/1994,NA
05/12/1994,NA
05/13/1994,NA
05/16/1994,NA
05/17/1994,NA
05/18/1994,NA
05/19/1994,NA
05/20/1994,NA
05/23/1994,NA
05/24/1994,NA
05/25/1994,NA
05/26/1994,NA
05/27/1994,NA
05/30/1994,NA
05/31/1994,NA
06/01/1994,NA
06/02/1994,NA
06/03/1994,NA
06/06/1994,NA
06/07/1994,NA
06/08/1994,NA
06/09/1994,NA
06/10/1994,NA
06/13/1994,NA
06/14/1994,NA
06/15/1994,NA
06/16/1994,NA
06/17/1994,NA
06/20/1994,NA
06/21/1994,NA
06/22/1994,NA
06/23/1994,NA
06/24/1994,NA
06/27/1994,NA
06/28/1994,NA
06/29/1994,NA
06/30/1994,NA
07/01/1994,NA
07/04/1994,NA
07/05/1994,NA
07/06/1994,NA
07/07/1994,NA
07/08/1994,NA
07/11/1994,NA
07/12/1994,NA
07/13/1994,NA
07/14/1994,NA
07/15/1994,NA
07/18/1994,NA
07/19/1994,NA
07/20/1994,NA
07/21/1994,NA
07/22/1994,NA
07/25/1994,NA
07/26/1994,NA
07/27/1994,NA
07/28/1994,NA
07/29/1994,NA
08/01/1994,NA
08/02/1994,NA
08/03/1994,NA
08/04/1994,NA
08/05/1994,NA
08/08/1994,NA
08/09/1994,NA
08/10/1994,NA
08/11/1994,NA
08/12/1994,NA
08/15/1994,NA
08/16/1994,NA
08/17/1994,NA
08/18/1994,NA
08/19/1994,NA
08/22/1994,NA
08/23/1994,NA
08/24/1994,NA
08/25/1994,NA
08/26/1994,NA
08/29/1994,NA
08/30/1994,NA
08/31/1994,NA
09/01/1994,NA
09/02/1994,NA
09/05/1994,NA
09/06/1994,NA
09/07/1994,NA
09/08/1994,NA
09/09/1994,NA
09/12/1994,NA
09/13/1994,NA
09/14/1994,NA
09/15/1994,NA
09/16/1994,NA
09/19/1994,NA
09/20/1994,NA
09/21/1994,NA
09/22/1994,NA
09/23/1994,NA
09/26/1994,NA
09/27/1994,NA
09/28/1994,NA
09/29/1994,NA
09/30/1994,NA
10/03/1994,NA
10/04/1994,NA
10/05/1994,NA
10/06/1994,NA
10/07/1994,NA
10/10/1994,NA
10/11/1994,NA
10/12/1994,NA
10/13/1994,NA
10/14/1994,NA
10/17/1994,NA
10/18/1994,NA
10/19/1994,NA
10/20/1994,NA
10/21/1994,NA
10/24/1994,NA
10/25/1994,NA
10/26/1994,NA
10/27/1994,NA
10/28/1994,NA
10/31/1994,NA
11/01/1994,NA
11/02/1994,NA
11/03/1994,NA
11/04/1994,NA
11/07/1994,NA
11/08/1994,NA
11/09/1994,NA
11/10/1994,NA
11/11/1994,NA
11/14/1994,NA
11/15/1994,NA
11/16/1994,NA
11/17/1994,NA
11/18/1994,NA
11/21/1994,NA
11/22/1994,NA
11/23/1994,NA
11/24/1994,NA
11/25/1994,NA
11/28/1994,NA
11/29/1994,NA
11/30/1994,NA
12/01/1994,NA
12/02/1994,NA
12/05/1994,NA
12/06/1994,NA
12/07/1994,NA
12/08/1994,NA
12/09/1994,NA
12/12/1994,NA
12/13/1994,NA
12/14/1994,NA
12/15/1994,NA
12/16/1994,NA
12/19/1994,NA
12/20/1994,NA
12/21/1994,NA
12/22/1994,NA
12/23/1994,NA
12/26/1994,NA
12/27/1994,NA
12/28/1994,NA
12/29/1994,NA
12/30/1994,NA
01/02/1995,NA
01/03/1995,NA
01/04/1995,NA
01/05/1995,NA
01/06/1995,NA
01/09/1995,NA
01/10/1995,NA
01/11/1995,NA
01/12/1995,NA
01/13/1995,NA
01/16/1995,NA
01/17/1995,NA
01/18/1995,NA
01/19/1995,NA
01/20/1995,NA
01/23/1995,NA
01/24/1995,NA
01/25/1995,NA
01/26/1995,NA
01/27/1995,NA
01/30/1995,NA
01/31/1995,NA
02/01/1995,NA
02/02/1995,NA
02/03/1995,NA
02/06/1995,NA
02/07/1995,NA
02/08/1995,NA
02/09/1995,NA
02/10/1995,NA
02/13/1995,NA
02/14/1995,NA
02/15/1995,NA
02/16/1995,NA
02/17/1995,NA
02/20/1995,NA
02/21/1995,NA
02/22/1995,NA
02/23/1995,NA
02/24/1995,NA
02/27/1995,NA
02/28/1995,NA
03/01/1995,NA
03/02/1995,NA
03/03/1995,NA
03/06/1995,NA
03/07/1995,NA
03/08/1995,NA
03/09/1995,NA
03/10/1995,NA
03/13/1995,NA
03/14/1995,NA
03/15/1995,NA
03/16/1995,NA
03/17/1995,NA
03/20/1995,NA
03/21/1995,NA
03/22/1995,NA
03/23/1995,NA
03/24/1995,NA
03/27/1995,NA
03/28/1995,NA
03/29/1995,NA
03/30/1995,NA
03/31/1995,NA
04/03/1995,NA
04/04/1995,NA
04/05/1995,NA
04/06/1995,NA
04/07/1995,NA
04/10/1995,NA
04/11/1995,NA
04/12/1995,NA
04/13/1995,NA
04/14/1995,NA
04/17/1995,NA
04/18/1995,NA
04/19/1995,NA
04/20/1995,NA
04/21/1995,NA
04/24/1995,NA
04/25/1995,NA
04/26/1995,NA
04/27/1995,NA
04/28/1995,NA
05/01/1995,NA
05/02/1995,NA
05/03/1995,NA
05/04/1995,NA
05/05/1995,NA
05/08/1995,NA
05/09/1995,NA
05/10/1995,NA
05/11/1995,NA
05/12/1995,NA
05/15/1995,NA
05/16/1995,NA
05/17/1995,NA
05/18/1995,NA
05/19/1995,NA
05/22/1995,NA
05/23/1995,NA
05/24/1995,NA
05/25/1995,NA
05/26/1995,NA
05/29/1995,NA
05/30/1995,NA
05/31/1995,NA
06/01/1995,NA
06/02/1995,NA
06/05/1995,NA
06/06/1995,NA
06/07/1995,NA
06/08/1995,NA
06/09/1995,NA
06/12/1995,NA
06/13/1995,NA
06/14/1995,NA
06/15/1995,NA
06/16/1995,NA
06/19/1995,NA
06/20/1995,NA
06/21/1995,NA
06/22/1995,NA
06/23/1995,NA
06/26/1995,NA
06/27/1995,NA
06/28/1995,NA
06/29/1995,NA
06/30/1995,NA
07/03/1995,NA
07/04/1995,NA
07/05/1995,NA
07/06/1995,NA
07/07/1995,NA
07/10/1995,NA
07/11/1995,NA
07/12/1995,NA
07/13/1995,NA
07/14/1995,NA
07/17/1995,NA
07/18/1995,NA
07/19/1995,NA
07/20/1995,NA
07/21/1995,NA
07/24/1995,NA
07/25/1995,NA
07/26/1995,NA
07/27/1995,NA
07/28/1995,NA
07/31/1995,NA
08/01/1995,NA
08/02/1995,NA
08/03/1995,NA
08/04/1995,NA
08/07/1995,NA
08/08/1995,NA
08/09/1995,NA
08/10/1995,NA
08/11/1995,NA
08/14/1995,NA
08/15/1995,NA
08/16/1995,NA
08/17/1995,NA
08/18/1995,NA
08/21/1995,NA
08/22/1995,NA
08/23/1995,NA
08/24/1995,NA
08/25/1995,NA
08/28/1995,NA
08/29/1995,NA
08/30/1995,NA
08/31/1995,NA
09/01/1995,NA
09/04/1995,NA
09/05/1995,NA
09/06/1995,NA
09/07/1995,NA
09/08/1995,NA
09/11/1995,NA
09/12/1995,NA
09/13/1995,NA
09/14/1995,NA
09/15/1995,NA
09/18/1995,NA
09/19/1995,NA
09/20/1995,NA
09/21/1995,NA
09/22/1995,NA
09/25/1995,NA
09/26/1995,NA
09/27/1995,NA
09/28/1995,NA
09/29/1995,NA
10/02/1995,NA
10/03/1995,NA
10/04/1995,NA
10/05/1995,NA
10/06/1995,NA
10/09/1995,NA
10/10/1995,NA
10/11/1995,NA
10/12/1995,NA
10/13/1995,NA
10/16/1995,NA
10/17/1995,NA
10/18/1995,NA
10/19/1995,NA
10/20/1995,NA
10/23/1995,NA
10/24/1995,NA
10/25/1995,NA
10/26/1995,NA
10/27/1995,NA
10/30/1995,NA
10/31/1995,NA
11/01/1995,NA
11/02/1995,NA
11/03/1995,NA
11/06/1995,NA
11/07/1995,NA
11/08/1995,NA
11/09/1995,NA
11/10/1995,NA
11/13/1995,NA
11/14/1995,NA
11/15/1995,NA
11/16/1995,NA
11/17/1995,NA
11/20/1995,NA
11/21/1995,NA
11/22/1995,NA
11/23/1995,NA
11/24/1995,NA
11/27/1995,NA
11/28/1995,NA
11/29/1995,NA
11/30/1995,NA
12/01/1995,NA
12/04/1995,NA
12/05/1995,NA
12/06/1995,NA
12/07/1995,NA
12/08/1995,NA
12/11/1995,NA
12/12/1995,NA
12/13/1995,NA
12/14/1995,NA
12/15/1995,NA
12/18/1995,NA
12/19/1995,NA
12/20/1995,NA
12/21/1995,NA
12/22/1995,NA
12/25/1995,NA
12/26/1995,NA
12/27/1995,NA
12/28/1995,NA
12/29/1995,NA
01/01/1996,NA
01/02/1996,NA
01/03/1996,NA
01/04/1996,NA
01/05/1996,NA
01/08/1996,NA
01/09/1996,NA
01/10/1996,NA
01/11/1996,NA
01/12/1996,NA
01/15/1996,NA
01/16/1996,NA
01/17/1996,NA
01/18/1996,NA
01/19/1996,NA
01/22/1996,NA
01/23/1996,NA
01/24/1996,NA
01/25/1996,NA
01/26/1996,NA
01/29/1996,NA
01/30/1996,NA
01/31/1996,NA
02/01/1996,NA
02/02/1996,NA
02/05/1996,NA
02/06/1996,NA
02/07/1996,NA
02/08/1996,NA
02/09/1996,NA
02/12/1996,NA
02/13/1996,NA
02/14/1996,NA
02/15/1996,NA
02/16/1996,NA
02/19/1996,NA
02/20/1996,NA
02/21/1996,NA
02/22/1996,NA
02/23/1996,NA
02/26/1996,NA
02/27/1996,NA
02/28/1996,NA
02/29/1996,NA
03/01/1996,NA
03/04/1996,NA
03/05/1996,NA
03/06/1996,NA
03/07/1996,NA
03/08/1996,NA
03/11/1996,NA
03/12/1996,NA
03/13/1996,NA
03/14/1996,NA
03/15/1996,NA
03/18/1996,NA
03/19/1996,NA
03/20/1996,NA
03/21/1996,NA
03/22/1996,NA
03/25/1996,NA
03/26/1996,NA
03/27/1996,NA
03/28/1996,NA
03/29/1996,NA
04/01/1996,NA
04/02/1996,NA
04/03/1996,NA
04/04/1996,NA
04/05/1996,NA
04/08/1996,NA
04/09/1996,NA
04/10/1996,NA
04/11/1996,NA
04/12/1996,NA
04/15/1996,NA
04/16/1996,NA
04/17/1996,NA
04/18/1996,NA
04/19/1996,NA
04/22/1996,NA
04/23/1996,NA
04/24/1996,NA
04/25/1996,NA
04/26/1996,NA
04/29/1996,NA
04/30/1996,NA
05/01/1996,NA
05/02/1996,NA
05/03/1996,NA
05/06/1996,NA
05/07/1996,NA
05/08/1996,NA
05/09/1996,NA
05/10/1996,NA
05/13/1996,NA
05/14/1996,NA
05/15/1996,NA
05/16/1996,NA
05/17/1996,NA
05/20/1996,NA
05/21/1996,NA
05/22/1996,NA
05/23/1996,NA
05/24/1996,NA
05/27/1996,NA
05/28/1996,NA
05/29/1996,NA
05/30/1996,NA
05/31/1996,NA
06/03/1996,NA
06/04/1996,NA
06/05/1996,NA
06/06/1996,NA
06/07/1996,NA
06/10/1996,NA
06/11/1996,NA
06/12/1996,NA
06/13/1996,NA
06/14/1996,NA
06/17/1996,NA
06/18/1996,NA
06/19/1996,NA
06/20/1996,NA
06/21/1996,NA
06/24/1996,NA
06/25/1996,NA
06/26/1996,NA
06/27/1996,NA
06/28/1996,NA
07/01/1996,NA
07/02/1996,NA
07/03/1996,NA
07/04/1996,NA
07/05/1996,NA
07/08/1996,NA
07/09/1996,NA
07/10/1996,NA
07/11/1996,NA
07/12/1996,NA
07/15/1996,NA
07/16/1996,NA
07/17/1996,NA
07/18/1996,NA
07/19/1996,NA
07/22/1996,NA
07/23/1996,NA
07/24/1996,NA
07/25/1996,NA
07/26/1996,NA
07/29/1996,NA
07/30/1996,NA
07/31/1996,NA
08/01/1996,NA
08/02/1996,NA
08/05/1996,NA
08/06/1996,NA
08/07/1996,NA
08/08/1996,NA
08/09/1996,NA
08/12/1996,NA
08/13/1996,NA
08/14/1996,NA
08/15/1996,NA
08/16/1996,NA
08/19/1996,NA
08/20/1996,NA
08/21/1996,NA
08/22/1996,NA
08/23/1996,NA
08/26/1996,NA
08/27/1996,NA
08/28/1996,NA
08/29/1996,NA
08/30/1996,NA
09/02/1996,NA
09/03/1996,NA
09/04/1996,NA
09/05/1996,NA
09/06/1996,NA
09/09/1996,NA
09/10/1996,NA
09/11/1996,NA
09/12/1996,NA
09/13/1996,NA
09/16/1996,NA
09/17/1996,NA
09/18/1996,NA
09/19/1996,NA
09/20/1996,NA
09/23/1996,NA
09/24/1996,NA
09/25/1996,NA
09/26/1996,NA
09/27/1996,NA
09/30/1996,NA
10/01/1996,NA
10/02/1996,NA
10/03/1996,NA
10/04/1996,NA
10/07/1996,NA
10/08/1996,NA
10/09/1996,NA
10/10/1996,NA
10/11/1996,NA
10/14/1996,NA
10/15/1996,NA
10/16/1996,NA
10/17/1996,NA
10/18/1996,NA
10/21/1996,NA
10/22/1996,NA
10/23/1996,NA
10/24/1996,NA
10/25/1996,NA
10/28/1996,NA
10/29/1996,NA
10/30/1996,NA
10/31/1996,NA
11/01/1996,NA
11/04/1996,NA
11/05/1996,NA
11/06/1996,NA
11/07/1996,NA
11/08/1996,NA
11/11/1996,NA
11/12/1996,NA
11/13/1996,NA
11/14/1996,NA
11/15/1996,NA
11/18/1996,NA
11/19/1996,NA
11/20/1996,NA
11/21/1996,NA
11/22/1996,NA
11/25/1996,NA
11/26/1996,NA
11/27/1996,NA
11/28/1996,NA
11/29/1996,NA
12/02/1996,NA
12/03/1996,NA
12/04/1996,NA
12/05/1996,NA
12/06/1996,NA
12/09/1996,NA
12/10/1996,NA
12/11/1996,NA
12/12/1996,NA
12/13/1996,NA
12/16/1996,NA
12/17/1996,NA
12/18/1996,NA
12/19/1996,NA
12/20/1996,NA
12/23/1996,NA
12/24/1996,NA
12/25/1996,NA
12/26/1996,NA
12/27/1996,NA
12/30/1996,NA
12/31/1996,NA
01/01/1997,NA
01/02/1997,NA
01/03/1997,NA
01/06/1997,NA
01/07/1997,NA
01/08/1997,NA
01/09/1997,NA
01/10/1997,NA
01/13/1997,NA
01/14/1997,NA
01/15/1997,NA
01/16/1997,NA
01/17/1997,NA
01/20/1997,NA
01/21/1997,NA
01/22/1997,NA
01/23/1997,NA
01/24/1997,NA
01/27/1997,NA
01/28/1997,NA
01/29/1997,NA
01/30/1997,NA
01/31/1997,NA
02/03/1997,NA
02/04/1997,NA
02/05/1997,NA
02/06/1997,NA
02/07/1997,NA
02/10/1997,NA
02/11/1997,NA
02/12/1997,NA
02/13/1997,NA
02/14/1997,NA
02/17/1997,NA
02/18/1997,NA
02/19/1997,NA
02/20/1997,NA
02/21/1997,NA
02/24/1997,NA
02/25/1997,NA
02/26/1997,NA
02/27/1997,NA
02/28/1997,NA
03/03/1997,NA
03/04/1997,NA
03/05/1997,NA
03/06/1997,NA
03/07/1997,NA
03/10/1997,NA
03/11/1997,NA
03/12/1997,NA
03/13/1997,NA
03/14/1997,NA
03/17/1997,NA
03/18/1997,NA
03/19/1997,NA
03/20/1997,NA
03/21/1997,NA
03/24/1997,NA
03/25/1997,NA
03/26/1997,NA
03/27/1997,NA
03/28/1997,NA
03/31/1997,NA
04/01/1997,NA
04/02/1997,NA
04/03/1997,NA
04/04/1997,NA
04/07/1997,NA
04/08/1997,NA
04/09/1997,NA
04/10/1997,NA
04/11/1997,NA
04/14/1997,NA
04/15/1997,NA
04/16/1997,NA
04/17/1997,NA
04/18/1997,NA
04/21/1997,NA
04/22/1997,NA
04/23/1997,NA
04/24/1997,NA
04/25/1997,NA
04/28/1997,NA
04/29/1997,NA
04/30/1997,NA
05/01/1997,NA
05/02/1997,NA
05/05/1997,NA
05/06/1997,NA
05/07/1997,NA
05/08/1997,NA
05/09/1997,NA
05/12/1997,NA
05/13/1997,NA
05/14/1997,NA
05/15/1997,NA
05/16/1997,NA
05/19/1997,NA
05/20/1997,NA
05/21/1997,NA
05/22/1997,NA
05/23/1997,NA
05/26/1997,NA
05/27/1997,NA
05/28/1997,NA
05/29/1997,NA
05/30/1997,NA
06/02/1997,NA
06/03/1997,NA
06/04/1997,NA
06/05/1997,NA
06/06/1997,NA
06/09/1997,NA
06/10/1997,NA
06/11/1997,NA
06/12/1997,NA
06/13/1997,NA
06/16/1997,NA
06/17/1997,NA
06/18/1997,NA
06/19/1997,NA
06/20/1997,NA
06/23/1997,NA
06/24/1997,NA
06/25/1997,NA
06/26/1997,NA
06/27/1997,NA
06/30/1997,NA
07/01/1997,NA
07/02/1997,NA
07/03/1997,NA
07/04/1997,NA
07/07/1997,NA
07/08/1997,NA
07/09/1997,NA
07/10/1997,NA
07/11/1997,NA
07/14/1997,NA
07/15/1997,NA
07/16/1997,NA
07/17/1997,NA
07/18/1997,NA
07/21/1997,NA
07/22/1997,NA
07/23/1997,NA
07/24/1997,NA
07/25/1997,NA
07/28/1997,NA
07/29/1997,NA
07/30/1997,NA
07/31/1997,NA
08/01/1997,NA
08/04/1997,NA
08/05/1997,NA
08/06/1997,NA
08/07/1997,NA
08/08/1997,NA
08/11/1997,NA
08/12/1997,NA
08/13/1997,NA
08/14/1997,NA
08/15/1997,NA
08/18/1997,NA
08/19/1997,NA
08/20/1997,NA
08/21/1997,NA
08/22/1997,NA
08/25/1997,NA
08/26/1997,NA
08/27/1997,NA
08/28/1997,NA
08/29/1997,NA
09/01/1997,NA
09/02/1997,NA
09/03/1997,NA
09/04/1997,NA
09/05/1997,NA
09/08/1997,NA
09/09/1997,NA
09/10/1997,NA
09/11/1997,NA
09/12/1997,NA
09/15/1997,NA
09/16/1997,NA
09/17/1997,NA
09/18/1997,NA
09/19/1997,NA
09/22/1997,NA
09/23/1997,NA
09/24/1997,NA
09/25/1997,NA
09/26/1997,NA
09/29/1997,NA
09/30/1997,NA
10/01/1997,NA
10/02/1997,NA
10/03/1997,NA
10/06/1997,NA
10/07/1997,NA
10/08/1997,NA
10/09/1997,NA
10/10/1997,NA
10/13/1997,NA
10/14/1997,NA
10/15/1997,NA
10/16/1997,NA
10/17/1997,NA
10/20/1997,NA
10/21/1997,NA
10/22/1997,NA
10/23/1997,NA
10/24/1997,NA
10/27/1997,NA
10/28/1997,NA
10/29/1997,NA
10/30/1997,NA
10/31/1997,NA
11/03/1997,NA
11/04/1997,NA
11/05/1997,NA
11/06/1997,NA
11/07/1997,NA
11/10/1997,NA
11/11/1997,NA
11/12/1997,NA
11/13/1997,NA
11/14/1997,NA
11/17/1997,NA
11/18/1997,NA
11/19/1997,NA
11/20/1997,NA
11/21/1997,NA
11/24/1997,NA
11/25/1997,NA
11/26/1997,NA
11/27/1997,NA
11/28/1997,NA
12/01/1997,NA
12/02/1997,NA
12/03/1997,NA
12/04/1997,NA
12/05/1997,NA
12/08/1997,NA
12/09/1997,NA
12/10/1997,NA
12/11/1997,NA
12/12/1997,NA
12/15/1997,NA
12/16/1997,NA
12/17/1997,NA
12/18/1997,NA
12/19/1997,NA
12/22/1997,NA
12/23/1997,NA
12/24/1997,NA
12/25/1997,NA
12/26/1997,NA
12/29/1997,NA
12/30/1997,NA
12/31/1997,NA
01/01/1998,NA
01/02/1998,NA
01/05/1998,NA
01/06/1998,NA
01/07/1998,NA
01/08/1998,NA
01/09/1998,NA
01/12/1998,NA
01/13/1998,NA
01/14/1998,NA
01/15/1998,NA
01/16/1998,NA
01/19/1998,NA
01/20/1998,NA
01/21/1998,NA
01/22/1998,NA
01/23/1998,NA
01/26/1998,NA
01/27/1998,NA
01/28/1998,NA
01/29/1998,NA
01/30/1998,NA
02/02/1998,NA
02/03/1998,NA
02/04/1998,NA
02/05/1998,NA
02/06/1998,NA
02/09/1998,NA
02/10/1998,NA
02/11/1998,NA
02/12/1998,NA
02/13/1998,NA
02/16/1998,NA
02/17/1998,NA
02/18/1998,NA
02/19/1998,NA
02/20/1998,NA
02/23/1998,NA
02/24/1998,NA
02/25/1998,NA
02/26/1998,NA
02/27/1998,NA
03/02/1998,NA
03/03/1998,NA
03/04/1998,NA
03/05/1998,NA
03/06/1998,NA
03/09/1998,NA
03/10/1998,NA
03/11/1998,NA
03/12/1998,NA
03/13/1998,NA
03/16/1998,NA
03/17/1998,NA
03/18/1998,NA
03/19/1998,NA
03/20/1998,NA
03/23/1998,NA
03/24/1998,NA
03/25/1998,NA
03/26/1998,NA
03/27/1998,NA
03/30/1998,NA
03/31/1998,NA
04/01/1998,NA
04/02/1998,NA
04/03/1998,NA
04/06/1998,NA
04/07/1998,NA
04/08/1998,NA
04/09/1998,NA
04/10/1998,NA
04/13/1998,NA
04/14/1998,NA
04/15/1998,NA
04/16/1998,NA
04/17/1998,NA
04/20/1998,NA
04/21/1998,NA
04/22/1998,NA
04/23/1998,NA
04/24/1998,NA
04/27/1998,NA
04/28/1998,NA
04/29/1998,NA
04/30/1998,NA
05/01/1998,NA
05/04/1998,NA
05/05/1998,NA
05/06/1998,NA
05/07/1998,NA
05/08/1998,NA
05/11/1998,NA
05/12/1998,NA
05/13/1998,NA
05/14/1998,NA
05/15/1998,NA
05/18/1998,NA
05/19/1998,NA
05/20/1998,NA
05/21/1998,NA
05/22/1998,NA
05/25/1998,NA
05/26/1998,NA
05/27/1998,NA
05/28/1998,NA
05/29/1998,NA
06/01/1998,NA
06/02/1998,NA
06/03/1998,NA
06/04/1998,NA
06/05/1998,NA
06/08/1998,NA
06/09/1998,NA
06/10/1998,NA
06/11/1998,NA
06/12/1998,NA
06/15/1998,NA
06/16/1998,NA
06/17/1998,NA
06/18/1998,NA
06/19/1998,NA
06/22/1998,NA
06/23/1998,NA
06/24/1998,NA
06/25/1998,NA
06/26/1998,NA
06/29/1998,NA
06/30/1998,NA
07/01/1998,NA
07/02/1998,NA
07/03/1998,NA
07/06/1998,NA
07/07/1998,NA
07/08/1998,NA
07/09/1998,NA
07/10/1998,NA
07/13/1998,NA
07/14/1998,NA
07/15/1998,NA
07/16/1998,NA
07/17/1998,NA
07/20/1998,NA
07/21/1998,NA
07/22/1998,NA
07/23/1998,NA
07/24/1998,NA
07/27/1998,NA
07/28/1998,NA
07/29/1998,NA
07/30/1998,NA
07/31/1998,NA
08/03/1998,NA
08/04/1998,NA
08/05/1998,NA
08/06/1998,NA
08/07/1998,NA
08/10/1998,NA
08/11/1998,NA
08/12/1998,NA
08/13/1998,NA
08/14/1998,NA
08/17/1998,NA
08/18/1998,NA
08/19/1998,NA
08/20/1998,NA
08/21/1998,NA
08/24/1998,NA
08/25/1998,NA
08/26/1998,NA
08/27/1998,NA
08/28/1998,NA
08/31/1998,NA
09/01/1998,NA
09/02/1998,NA
09/03/1998,NA
09/04/1998,NA
09/07/1998,NA
09/08/1998,NA
09/09/1998,NA
09/10/1998,NA
09/11/1998,NA
09/14/1998,NA
09/15/1998,NA
09/16/1998,NA
09/17/1998,NA
09/18/1998,NA
09/21/1998,NA
09/22/1998,NA
09/23/1998,887.2
09/24/1998,NA
09/25/1998,98.5
09/28/1998,473.1
09/29/1998,164.3
09/30/1998,22.5
10/01/1998,5
10/02/1998,0.3
10/05/1998,24
10/06/1998,1.3
10/07/1998,29.3
10/08/1998,3
10/09/1998,NA
10/12/1998,11
10/13/1998,30.1
10/14/1998,21.1
10/15/1998,11.8
10/16/1998,8
10/19/1998,3
10/20/1998,NA
10/21/1998,47.7
10/22/1998,13.8
10/23/1998,13.1
10/26/1998,4
10/27/1998,1
10/28/1998,300
10/29/1998,121
10/30/1998,833.7
11/02/1998,190
11/03/1998,395.5
11/04/1998,136.5
11/05/1998,267.7
11/06/1998,80.1
11/09/1998,140.3
11/10/1998,1228.1
11/11/1998,293.5
11/12/1998,392.9
11/13/1998,189.3
11/16/1998,410.8
11/17/1998,69
11/18/1998,14.1
11/19/1998,1
11/20/1998,43.6
11/23/1998,165.1
11/24/1998,7.6
11/25/1998,11
11/26/1998,1.5
11/27/1998,NA
11/30/1998,12
12/01/1998,88.7
12/02/1998,16.5
12/03/1998,16.5
12/04/1998,22.5
12/07/1998,9
12/08/1998,45
12/09/1998,1
12/10/1998,NA
12/11/1998,9
12/14/1998,NA
12/15/1998,5.6
12/16/1998,NA
12/17/1998,9
12/18/1998,1.4
12/21/1998,NA
12/22/1998,0.8
12/23/1998,4
12/24/1998,6.2
12/25/1998,NA
12/28/1998,NA
12/29/1998,NA
12/30/1998,1
12/31/1998,NA
01/01/1999,NA
01/04/1999,NA
01/05/1999,8
01/06/1999,8.6
01/07/1999,10
01/08/1999,49
01/11/1999,47.7
01/12/1999,113.4
01/13/1999,60
01/14/1999,7
01/15/1999,5
01/18/1999,86
01/19/1999,241.3
01/20/1999,5359.5
01/21/1999,185.9
01/22/1999,579.3
01/25/1999,588.9
01/26/1999,192.5
01/27/1999,168
01/28/1999,237.9
01/29/1999,40.5
02/01/1999,167.5
02/02/1999,143.1
02/03/1999,179.1
02/04/1999,41
02/05/1999,1291.9
02/08/1999,663.6
02/09/1999,120.9
02/10/1999,8
02/11/1999,25.1
02/12/1999,112.1
02/15/1999,98.9
02/16/1999,164.1
02/17/1999,42.7
02/18/1999,37
02/19/1999,73.5
02/22/1999,5.6
02/23/1999,63.1
02/24/1999,10.4
02/25/1999,70.8
02/26/1999,33.9
03/01/1999,6
03/02/1999,158
03/03/1999,19.9
03/04/1999,164.1
03/05/1999,159.1
03/08/1999,123
03/09/1999,118.6
03/10/1999,234.9
03/11/1999,166.1
03/12/1999,107.8
03/15/1999,NA
03/16/1999,4.8
03/17/1999,30.5
03/18/1999,164.7
03/19/1999,100.6
03/22/1999,NA
03/23/1999,74.1
03/24/1999,26.2
03/25/1999,28.3
03/26/1999,24
03/29/1999,131.3
03/30/1999,170.6
03/31/1999,660.8
04/01/1999,5072.6
04/02/1999,NA
04/05/1999,NA
04/06/1999,45.8
04/07/1999,127.2
04/08/1999,362.7
04/09/1999,191.4
04/12/1999,52.2
04/13/1999,204.9
04/14/1999,420.1
04/15/1999,244.4
04/16/1999,65.6
04/19/1999,64.1
04/20/1999,127.5
04/21/1999,25.4
04/22/1999,91.9
04/23/1999,56.4
04/26/1999,4.3
04/27/1999,NA
04/28/1999,39.6
04/29/1999,32.6
04/30/1999,31.5
05/03/1999,46.1
05/04/1999,62
05/05/1999,15.8
05/06/1999,1736.5
05/07/1999,72.2
05/10/1999,76.3
05/11/1999,26.5
05/12/1999,349.7
05/13/1999,8
05/14/1999,66.8
05/17/1999,53.6
05/18/1999,49.3
05/19/1999,103.5
05/20/1999,1
05/21/1999,34.6
05/24/1999,21.2
05/25/1999,3.5
05/26/1999,23.3
05/27/1999,1
05/28/1999,41
05/31/1999,9.5
06/01/1999,4.7
06/02/1999,NA
06/03/1999,61.9
06/04/1999,34.8
06/07/1999,46.3
06/08/1999,221.5
06/09/1999,30.6
06/10/1999,72.1
06/11/1999,365.3
06/14/1999,260.1
06/15/1999,12
06/16/1999,NA
06/17/1999,18.3
06/18/1999,11.8
06/21/1999,167.8
06/22/1999,52.7
06/23/1999,161.2
06/24/1999,597.1
06/25/1999,4013.2
06/28/1999,14.4
06/29/1999,1512.5
06/30/1999,23.1
07/01/1999,34.5
07/02/1999,24
07/05/1999,23.8
07/06/1999,28
07/07/1999,NA
07/08/1999,5
07/09/1999,39.9
07/12/1999,104.7
07/13/1999,101
07/14/1999,6
07/15/1999,37.7
07/16/1999,6.4
07/19/1999,5.7
07/20/1999,5013
07/21/1999,41.1
07/22/1999,43.3
07/23/1999,42.7
07/26/1999,41.9
07/27/1999,1.8
07/28/1999,0.1
07/29/1999,18.2
07/30/1999,44
08/02/1999,58.8
08/03/1999,836.5
08/04/1999,NA
08/05/1999,25
08/06/1999,NA
08/09/1999,NA
08/10/1999,NA
08/11/1999,NA
08/12/1999,15
08/13/1999,NA
08/16/1999,NA
08/17/1999,NA
08/18/1999,31.1
08/19/1999,2
08/20/1999,91
08/23/1999,1
08/24/1999,84.6
08/25/1999,114.3
08/26/1999,18.9
08/27/1999,NA
08/30/1999,46.9
08/31/1999,29.9
09/01/1999,65.5
09/02/1999,1621.8
09/03/1999,685.6
09/06/1999,13.1
09/07/1999,33
09/08/1999,10
09/09/1999,NA
09/10/1999,48.1
09/13/1999,NA
09/14/1999,NA
09/15/1999,28.5
09/16/1999,25.8
09/17/1999,NA
09/20/1999,10
09/21/1999,6.9
09/22/1999,50
09/23/1999,NA
09/24/1999,NA
09/27/1999,1
09/28/1999,2
09/29/1999,358.4
09/30/1999,NA
10/01/1999,0.5
10/04/1999,NA
10/05/1999,35.7
10/06/1999,NA
10/07/1999,81.5
10/08/1999,21
10/11/1999,NA
10/12/1999,1041
10/13/1999,1003
10/14/1999,60
10/15/1999,100
10/18/1999,NA
10/19/1999,123.5
10/20/1999,3.8
10/21/1999,35.6
10/22/1999,40.3
10/25/1999,11
10/26/1999,NA
10/27/1999,NA
10/28/1999,15
10/29/1999,NA
11/01/1999,2
11/02/1999,NA
11/03/1999,NA
11/04/1999,5.1
11/05/1999,0.6
11/08/1999,11.5
11/09/1999,20
11/10/1999,211
11/11/1999,29.9
11/12/1999,11.5
11/15/1999,41
11/16/1999,34.4
11/17/1999,424.5
11/18/1999,9
11/19/1999,15.7
11/22/1999,142.2
11/23/1999,16.3
11/24/1999,9.3
11/25/1999,17
11/26/1999,12.2
11/29/1999,5.8
11/30/1999,9.9
12/01/1999,69
12/02/1999,13
12/03/1999,290
12/06/1999,110.1
12/07/1999,0.6
12/08/1999,686.6
12/09/1999,40.7
12/10/1999,28.2
12/13/1999,86.7
12/14/1999,37
12/15/1999,27
12/16/1999,NA
12/17/1999,1
12/20/1999,3.3
12/21/1999,17.8
12/22/1999,7.9
12/23/1999,37.2
12/24/1999,10.1
12/27/1999,NA
12/28/1999,NA
12/29/1999,49.1
12/30/1999,NA
12/31/1999,NA
01/03/2000,NA
01/04/2000,26.3
01/05/2000,90.8
01/06/2000,25.8
01/07/2000,59.1
01/10/2000,39.8
01/11/2000,28.6
01/12/2000,37.9
01/13/2000,5
01/14/2000,21.2
01/17/2000,3.8
01/18/2000,15.9
01/19/2000,20.1
01/20/2000,36.8
01/21/2000,38.6
01/24/2000,69.9
01/25/2000,8
01/26/2000,41.9
01/27/2000,20.2
01/28/2000,3
01/31/2000,22.9
02/01/2000,88.4
02/02/2000,118.3
02/03/2000,52.1
02/04/2000,20.6
02/07/2000,74.2
02/08/2000,2.5
02/09/2000,43.2
02/10/2000,6.5
02/11/2000,61.2
02/14/2000,0.6
02/15/2000,0.6
02/16/2000,3.3
02/17/2000,3
02/18/2000,3
02/21/2000,14
02/22/2000,2.6
02/23/2000,5
02/24/2000,6.2
02/25/2000,NA
02/28/2000,5
02/29/2000,8
03/01/2000,NA
03/02/2000,NA
03/03/2000,NA
03/06/2000,53
03/07/2000,3.3
03/08/2000,0.5
03/09/2000,4.4
03/10/2000,13
03/13/2000,3.4
03/14/2000,NA
03/15/2000,3.5
03/16/2000,17.6
03/17/2000,20.1
03/20/2000,NA
03/21/2000,NA
03/22/2000,6.2
03/23/2000,NA
03/24/2000,5.8
03/27/2000,971.9
03/28/2000,68.9
03/29/2000,NA
03/30/2000,5
03/31/2000,NA
04/03/2000,6.1
04/04/2000,6.8
04/05/2000,2.7
04/06/2000,20.8
04/07/2000,NA
04/10/2000,NA
04/11/2000,9.5
04/12/2000,5
04/13/2000,9
04/14/2000,33
04/17/2000,NA
04/18/2000,184.7
04/19/2000,700.7
04/20/2000,50.4
04/21/2000,NA
04/24/2000,NA
04/25/2000,NA
04/26/2000,12.2
04/27/2000,NA
04/28/2000,15.4
05/01/2000,NA
05/02/2000,739.9
05/03/2000,11.5
05/04/2000,0.6
05/05/2000,34.4
05/08/2000,18.5
05/09/2000,NA
05/10/2000,5.6
05/11/2000,50.5
05/12/2000,17.2
05/15/2000,5.3
05/16/2000,354.4
05/17/2000,10
05/18/2000,NA
05/19/2000,NA
05/22/2000,NA
05/23/2000,NA
05/24/2000,NA
05/25/2000,NA
05/26/2000,18
05/29/2000,4.6
05/30/2000,36.6
05/31/2000,32.2
06/01/2000,NA
06/02/2000,58.4
06/05/2000,36
06/06/2000,49.6
06/07/2000,12.5
06/08/2000,39.6
06/09/2000,1.6
06/12/2000,13.7
06/13/2000,1
06/14/2000,NA
06/15/2000,NA
06/16/2000,NA
06/19/2000,5
06/20/2000,5
06/21/2000,NA
06/22/2000,NA
06/23/2000,1
06/26/2000,NA
06/27/2000,21
06/28/2000,10.5
06/29/2000,11
06/30/2000,29
07/03/2000,5
07/04/2000,42.1
07/05/2000,10
07/06/2000,6.7
07/07/2000,13.3
07/10/2000,NA
07/11/2000,36
07/12/2000,65.1
07/13/2000,349.9
07/14/2000,116
07/17/2000,37
07/18/2000,755.6
07/19/2000,28
07/20/2000,57.6
07/21/2000,21.5
07/24/2000,7
07/25/2000,1032
07/26/2000,1549.9
07/27/2000,67.1
07/28/2000,76
07/31/2000,40.5
08/01/2000,12
08/02/2000,12.2
08/03/2000,107
08/04/2000,NA
08/07/2000,147.1
08/08/2000,45
08/09/2000,NA
08/10/2000,24.7
08/11/2000,35.3
08/14/2000,491.6
08/15/2000,6
08/16/2000,5
08/17/2000,51
08/18/2000,73
08/21/2000,74.3
08/22/2000,25.7
08/23/2000,145
08/24/2000,50
08/25/2000,5
08/28/2000,77
08/29/2000,24.6
08/30/2000,30
08/31/2000,97
09/01/2000,50
09/04/2000,50.4
09/05/2000,233.6
09/06/2000,1.5
09/07/2000,175
09/08/2000,58
09/11/2000,0.9
09/12/2000,26
09/13/2000,34.2
09/14/2000,17.6
09/15/2000,9
09/18/2000,2.7
09/19/2000,102.8
09/20/2000,147.1
09/21/2000,78
09/22/2000,36.1
09/25/2000,NA
09/26/2000,10
09/27/2000,650
09/28/2000,96.8
09/29/2000,83.1
10/02/2000,NA
10/03/2000,207.2
10/04/2000,5.6
10/05/2000,5
10/06/2000,33.3
10/09/2000,31.5
10/10/2000,9.2
10/11/2000,41.8
10/12/2000,6.8
10/13/2000,2.5
10/16/2000,NA
10/17/2000,NA
10/18/2000,36.8
10/19/2000,6.1
10/20/2000,NA
10/23/2000,2.3
10/24/2000,3.2
10/25/2000,NA
10/26/2000,NA
10/27/2000,39.8
10/30/2000,NA
10/31/2000,4.1
11/01/2000,3
11/02/2000,NA
11/03/2000,NA
11/06/2000,NA
11/07/2000,104.5
11/08/2000,10
11/09/2000,39
11/10/2000,0.3
11/13/2000,20.8
11/14/2000,3
11/15/2000,47.8
11/16/2000,50
11/17/2000,61.1
11/20/2000,1.8
11/21/2000,24
11/22/2000,240
11/23/2000,503.1
11/24/2000,NA
11/27/2000,NA
11/28/2000,13
11/29/2000,NA
11/30/2000,4.4
12/01/2000,2.9
12/04/2000,15
12/05/2000,NA
12/06/2000,1216.9
12/07/2000,5
12/08/2000,10
12/11/2000,9.3
12/12/2000,54.4
12/13/2000,5
12/14/2000,10.3
12/15/2000,9
12/18/2000,NA
12/19/2000,66.8
12/20/2000,14
12/21/2000,4.8
12/22/2000,NA
12/25/2000,NA
12/26/2000,NA
12/27/2000,250.1
12/28/2000,NA
12/29/2000,110
01/01/2001,NA
01/02/2001,NA
01/03/2001,NA
01/04/2001,2
01/05/2001,NA
01/08/2001,NA
01/09/2001,11
01/10/2001,NA
01/11/2001,NA
01/12/2001,NA
01/15/2001,522
01/16/2001,20.8
01/17/2001,0.8
01/18/2001,6.3
01/19/2001,8.1
01/22/2001,14
01/23/2001,10
01/24/2001,20
01/25/2001,1.9
01/26/2001,2
01/29/2001,7.8
01/30/2001,NA
01/31/2001,704.2
02/01/2001,NA
02/02/2001,10
02/05/2001,20.6
02/06/2001,37
02/07/2001,25
02/08/2001,40
02/09/2001,15.5
02/12/2001,3.5
02/13/2001,NA
02/14/2001,4
02/15/2001,11.9
02/16/2001,16.9
02/19/2001,5.9
02/20/2001,90.6
02/21/2001,5.7
02/22/2001,126.7
02/23/2001,20.9
02/26/2001,1.6
02/27/2001,5.8
02/28/2001,3
03/01/2001,1005.5
03/02/2001,3.9
03/05/2001,NA
03/06/2001,3.9
03/07/2001,2.6
03/08/2001,NA
03/09/2001,19
03/12/2001,14
03/13/2001,20
03/14/2001,29.2
03/15/2001,NA
03/16/2001,8.5
03/19/2001,NA
03/20/2001,NA
03/21/2001,NA
03/22/2001,4
03/23/2001,11.8
03/26/2001,NA
03/27/2001,25
03/28/2001,NA
03/29/2001,5
03/30/2001,31
04/02/2001,NA
04/03/2001,4.5
04/04/2001,NA
04/05/2001,12
04/06/2001,0.4
04/09/2001,5
04/10/2001,5.3
04/11/2001,200
04/12/2001,32.8
04/13/2001,NA
04/16/2001,NA
04/17/2001,60
04/18/2001,25
04/19/2001,117.5
04/20/2001,NA
04/23/2001,10
04/24/2001,101.3
04/25/2001,95
04/26/2001,72.5
04/27/2001,NA
04/30/2001,NA
05/01/2001,NA
05/02/2001,10
05/03/2001,2
05/04/2001,618.3
05/07/2001,10
05/08/2001,21
05/09/2001,5
05/10/2001,39.8
05/11/2001,19.1
05/14/2001,NA
05/15/2001,5
05/16/2001,15.2
05/17/2001,NA
05/18/2001,15.9
05/21/2001,NA
05/22/2001,NA
05/23/2001,50
05/24/2001,3.6
05/25/2001,98.1
05/28/2001,184.4
05/29/2001,24.1
05/30/2001,NA
05/31/2001,NA
06/01/2001,NA
06/04/2001,2
06/05/2001,NA
06/06/2001,106
06/07/2001,NA
06/08/2001,NA
06/11/2001,266.9
06/12/2001,300
06/13/2001,2
06/14/2001,NA
06/15/2001,5
06/18/2001,45
06/19/2001,5
06/20/2001,NA
06/21/2001,10
06/22/2001,0.5
06/25/2001,NA
06/26/2001,50
06/27/2001,NA
06/28/2001,51
06/29/2001,2
07/02/2001,NA
07/03/2001,NA
07/04/2001,161.7
07/05/2001,32.6
07/06/2001,12
07/09/2001,1
07/10/2001,96.9
07/11/2001,16.2
07/12/2001,30
07/13/2001,NA
07/16/2001,NA
07/17/2001,5
07/18/2001,NA
07/19/2001,NA
07/20/2001,15
07/23/2001,0.4
07/24/2001,NA
07/25/2001,0.9
07/26/2001,4.1
07/27/2001,50
07/30/2001,2
07/31/2001,NA
08/01/2001,9.8
08/02/2001,10
08/03/2001,NA
08/06/2001,12.5
08/07/2001,1.3
08/08/2001,68
08/09/2001,NA
08/10/2001,NA
08/13/2001,3
08/14/2001,10.5
08/15/2001,NA
08/16/2001,6
08/17/2001,NA
08/20/2001,NA
08/21/2001,NA
08/22/2001,NA
08/23/2001,NA
08/24/2001,NA
08/27/2001,NA
08/28/2001,NA
08/29/2001,64.5
08/30/2001,NA
08/31/2001,NA
09/03/2001,NA
09/04/2001,50
09/05/2001,94.4
09/06/2001,NA
09/07/2001,25
09/10/2001,NA
09/11/2001,49.1
09/12/2001,NA
09/13/2001,34.6
09/14/2001,NA
09/17/2001,NA
09/18/2001,NA
09/19/2001,NA
09/20/2001,NA
09/21/2001,2
09/24/2001,NA
09/25/2001,6.3
09/26/2001,35.9
09/27/2001,0.7
09/28/2001,NA
10/01/2001,3.9
10/02/2001,15
10/03/2001,8.1
10/04/2001,NA
10/05/2001,0.5
10/08/2001,1
10/09/2001,128
10/10/2001,NA
10/11/2001,11.9
10/12/2001,NA
10/15/2001,0.2
10/16/2001,0.5
10/17/2001,8.7
10/18/2001,25
10/19/2001,6.1
10/22/2001,7.6
10/23/2001,NA
10/24/2001,5
10/25/2001,NA
10/26/2001,NA
10/29/2001,NA
10/30/2001,NA
10/31/2001,4.5
11/01/2001,583
11/02/2001,NA
11/05/2001,682.1
11/06/2001,NA
11/07/2001,NA
11/08/2001,NA
11/09/2001,10
11/12/2001,NA
11/13/2001,41
11/14/2001,6.2
11/15/2001,NA
11/16/2001,50
11/19/2001,17.3
11/20/2001,NA
11/21/2001,NA
11/22/2001,NA
11/23/2001,NA
11/26/2001,NA
11/27/2001,NA
11/28/2001,NA
11/29/2001,12
11/30/2001,7.9
12/03/2001,1.7
12/04/2001,NA
12/05/2001,52.5
12/06/2001,58.7
12/07/2001,NA
12/10/2001,0.8
12/11/2001,250
12/12/2001,NA
12/13/2001,NA
12/14/2001,NA
12/17/2001,NA
12/18/2001,NA
12/19/2001,NA
12/20/2001,NA
12/21/2001,45
12/24/2001,60
12/25/2001,NA
12/26/2001,NA
12/27/2001,2.7
12/28/2001,6
12/31/2001,NA
01/01/2002,NA
01/02/2002,NA
01/03/2002,NA
01/04/2002,20
01/07/2002,NA
01/08/2002,6
01/09/2002,30
01/10/2002,8.3
01/11/2002,130.5
01/14/2002,0.5
01/15/2002,10.5
01/16/2002,2
01/17/2002,20
01/18/2002,NA
01/21/2002,2.8
01/22/2002,28
01/23/2002,NA
01/24/2002,0.2
01/25/2002,150
01/28/2002,NA
01/29/2002,50.5
01/30/2002,0.5
01/31/2002,NA
02/01/2002,10
02/04/2002,NA
02/05/2002,NA
02/06/2002,20
02/07/2002,NA
02/08/2002,NA
02/11/2002,184
02/12/2002,2
02/13/2002,295
02/14/2002,NA
02/15/2002,0.2
02/18/2002,NA
02/19/2002,NA
02/20/2002,500
02/21/2002,7.8
02/22/2002,NA
02/25/2002,NA
02/26/2002,NA
02/27/2002,9017.1
02/28/2002,NA
03/01/2002,7
03/04/2002,25.4
03/05/2002,1.5
03/06/2002,NA
03/07/2002,NA
03/08/2002,2.8
03/11/2002,NA
03/12/2002,NA
03/13/2002,NA
03/14/2002,NA
03/15/2002,NA
03/18/2002,NA
03/19/2002,2
03/20/2002,NA
03/21/2002,NA
03/22/2002,NA
03/25/2002,1526
03/26/2002,NA
03/27/2002,NA
03/28/2002,NA
03/29/2002,NA
04/01/2002,NA
04/02/2002,NA
04/03/2002,43.7
04/04/2002,4.5
04/05/2002,4
04/08/2002,NA
04/09/2002,NA
04/10/2002,NA
04/11/2002,NA
04/12/2002,NA
04/15/2002,757.3
04/16/2002,5
04/17/2002,NA
04/18/2002,NA
04/19/2002,NA
04/22/2002,2
04/23/2002,66.3
04/24/2002,796.8
04/25/2002,1010
04/26/2002,749.7
04/29/2002,39.7
04/30/2002,16.4
05/01/2002,NA
05/02/2002,NA
05/03/2002,1512.5
05/06/2002,NA
05/07/2002,25.7
05/08/2002,0.5
05/09/2002,NA
05/10/2002,3
05/13/2002,NA
05/14/2002,3.9
05/15/2002,0.3
05/16/2002,44.7
05/17/2002,5
05/20/2002,12.5
05/21/2002,2.5
05/22/2002,2.5
05/23/2002,NA
05/24/2002,NA
05/27/2002,NA
05/28/2002,14
05/29/2002,173.5
05/30/2002,68.5
05/31/2002,625.4
06/03/2002,70
06/04/2002,NA
06/05/2002,2
06/06/2002,6
06/07/2002,24.6
06/10/2002,1
06/11/2002,NA
06/12/2002,11.5
06/13/2002,0.3
06/14/2002,8
06/17/2002,NA
06/18/2002,5
06/19/2002,110
06/20/2002,410.6
06/21/2002,NA
06/24/2002,10.3
06/25/2002,3
06/26/2002,NA
06/27/2002,NA
06/28/2002,NA
07/01/2002,1.5
07/02/2002,26
07/03/2002,NA
07/04/2002,NA
07/05/2002,7.5
07/08/2002,NA
07/09/2002,8
07/10/2002,NA
07/11/2002,NA
07/12/2002,NA
07/15/2002,3
07/16/2002,56
07/17/2002,38.7
07/18/2002,25.8
07/19/2002,100.5
07/22/2002,24
07/23/2002,1
07/24/2002,NA
07/25/2002,NA
07/26/2002,10
07/29/2002,1.5
07/30/2002,0.9
07/31/2002,NA
08/01/2002,4.8
08/02/2002,9
08/05/2002,0.3
08/06/2002,NA
08/07/2002,NA
08/08/2002,NA
08/09/2002,NA
08/12/2002,NA
08/13/2002,66
08/14/2002,51.7
08/15/2002,NA
08/16/2002,65
08/19/2002,NA
08/20/2002,NA
08/21/2002,NA
08/22/2002,0.5
08/23/2002,NA
08/26/2002,NA
08/27/2002,NA
08/28/2002,NA
08/29/2002,65.5
08/30/2002,60
09/02/2002,NA
09/03/2002,20
09/04/2002,NA
09/05/2002,130
09/06/2002,NA
09/09/2002,49.8
09/10/2002,6
09/11/2002,59.5
09/12/2002,2
09/13/2002,56.1
09/16/2002,27.6
09/17/2002,8.4
09/18/2002,NA
09/19/2002,1
09/20/2002,1
09/23/2002,NA
09/24/2002,NA
09/25/2002,3
09/26/2002,4
09/27/2002,NA
09/30/2002,NA
10/01/2002,165.8
10/02/2002,66.5
10/03/2002,16.7
10/04/2002,5.8
10/07/2002,1
10/08/2002,353.7
10/09/2002,16.6
10/10/2002,22.4
10/11/2002,2.7
10/14/2002,NA
10/15/2002,22.6
10/16/2002,NA
10/17/2002,100
10/18/2002,NA
10/21/2002,2
10/22/2002,2
10/23/2002,NA
10/24/2002,NA
10/25/2002,40.5
10/28/2002,74.5
10/29/2002,144.5
10/30/2002,15.5
10/31/2002,NA
11/01/2002,5.2
11/04/2002,42
11/05/2002,1
11/06/2002,NA
11/07/2002,NA
11/08/2002,5
11/11/2002,300
11/12/2002,51.9
11/13/2002,21
11/14/2002,28.1
11/15/2002,12
11/18/2002,NA
11/19/2002,1
11/20/2002,12.2
11/21/2002,23
11/22/2002,1
11/25/2002,10
11/26/2002,NA
11/27/2002,5
11/28/2002,10
11/29/2002,55
12/02/2002,5.9
12/03/2002,30
12/04/2002,57.9
12/05/2002,NA
12/06/2002,NA
12/09/2002,10
12/10/2002,2
12/11/2002,NA
12/12/2002,NA
12/13/2002,60
12/16/2002,NA
12/17/2002,2
12/18/2002,NA
12/19/2002,NA
12/20/2002,3.5
12/23/2002,NA
12/24/2002,NA
12/25/2002,NA
12/26/2002,NA
12/27/2002,NA
12/30/2002,NA
12/31/2002,NA
01/01/2003,NA
01/02/2003,NA
01/03/2003,NA
01/06/2003,22.5
01/07/2003,NA
01/08/2003,5.1
01/09/2003,NA
01/10/2003,78.5
01/13/2003,1
01/14/2003,2
01/15/2003,40
01/16/2003,NA
01/17/2003,NA
01/20/2003,NA
01/21/2003,37.6
01/22/2003,27.5
01/23/2003,56.7
01/24/2003,91.3
01/27/2003,950
01/28/2003,NA
01/29/2003,1387.4
01/30/2003,NA
01/31/2003,NA
02/03/2003,2
02/04/2003,NA
02/05/2003,NA
02/06/2003,NA
02/07/2003,7.5
02/10/2003,10
02/11/2003,6.9
02/12/2003,NA
02/13/2003,NA
02/14/2003,NA
02/17/2003,NA
02/18/2003,NA
02/19/2003,NA
02/20/2003,NA
02/21/2003,NA
02/24/2003,NA
02/25/2003,NA
02/26/2003,NA
02/27/2003,NA
02/28/2003,NA
03/03/2003,NA
03/04/2003,NA
03/05/2003,NA
03/06/2003,NA
03/07/2003,78.1
03/10/2003,NA
03/11/2003,NA
03/12/2003,NA
03/13/2003,0.7
03/14/2003,13.8
03/17/2003,NA
03/18/2003,5000
03/19/2003,NA
03/20/2003,NA
03/21/2003,NA
03/24/2003,10
03/25/2003,NA
03/26/2003,NA
03/27/2003,NA
03/28/2003,4
03/31/2003,1997
04/01/2003,6
04/02/2003,44
04/03/2003,NA
04/04/2003,1.5
04/07/2003,201.6
04/08/2003,1.6
04/09/2003,12.5
04/10/2003,3
04/11/2003,NA
04/14/2003,27.5
04/15/2003,638.2
04/16/2003,0.6
04/17/2003,6.5
04/18/2003,NA
04/21/2003,NA
04/22/2003,1.5
04/23/2003,28.5
04/24/2003,3.5
04/25/2003,5
04/28/2003,NA
04/29/2003,136
04/30/2003,NA
05/01/2003,NA
05/02/2003,161.9
05/05/2003,11.2
05/06/2003,5.5
05/07/2003,23.7
05/08/2003,84.5
05/09/2003,60
05/12/2003,96.3
05/13/2003,10
05/14/2003,26
05/15/2003,33.3
05/16/2003,158.2
05/19/2003,5.5
05/20/2003,56.5
05/21/2003,NA
05/22/2003,NA
05/23/2003,19
05/26/2003,5.9
05/27/2003,16.5
05/28/2003,7
05/29/2003,NA
05/30/2003,NA
06/02/2003,NA
06/03/2003,5
06/04/2003,NA
06/05/2003,108.2
06/06/2003,764.6
06/09/2003,12
06/10/2003,NA
06/11/2003,1.5
06/12/2003,NA
06/13/2003,NA
06/16/2003,NA
06/17/2003,NA
06/18/2003,200.9
06/19/2003,13.7
06/20/2003,NA
06/23/2003,1
06/24/2003,NA
06/25/2003,2.5
06/26/2003,0
06/27/2003,10
06/30/2003,NA
07/01/2003,NA
07/02/2003,NA
07/03/2003,NA
07/04/2003,12
07/07/2003,3.4
07/08/2003,5
07/09/2003,3.5
07/10/2003,2
07/11/2003,10
07/14/2003,NA
07/15/2003,2
07/16/2003,16
07/17/2003,74.5
07/18/2003,NA
07/21/2003,NA
07/22/2003,NA
07/23/2003,20
07/24/2003,0.3
07/25/2003,NA
07/28/2003,120.5
07/29/2003,7.4
07/30/2003,84
07/31/2003,21.3
08/01/2003,10
08/04/2003,NA
08/05/2003,27.5
08/06/2003,54.2
08/07/2003,20
08/08/2003,NA
08/11/2003,NA
08/12/2003,59.5
08/13/2003,7.5
08/14/2003,5.5
08/15/2003,49.5
08/18/2003,NA
08/19/2003,NA
08/20/2003,NA
08/21/2003,0.5
08/22/2003,25.9
08/25/2003,10
08/26/2003,NA
08/27/2003,NA
08/28/2003,32.1
08/29/2003,15
09/01/2003,44.5
09/02/2003,22.7
09/03/2003,7.5
09/04/2003,10.2
09/05/2003,24
09/08/2003,7
09/09/2003,50
09/10/2003,33.8
09/11/2003,5
09/12/2003,36
09/15/2003,54.7
09/16/2003,NA
09/17/2003,36.1
09/18/2003,NA
09/19/2003,NA
09/22/2003,NA
09/23/2003,NA
09/24/2003,NA
09/25/2003,7.5
09/26/2003,20
09/29/2003,NA
09/30/2003,NA
10/01/2003,NA
10/02/2003,NA
10/03/2003,107.2
10/06/2003,25
10/07/2003,169.9
10/08/2003,129.4
10/09/2003,3.2
10/10/2003,98
10/13/2003,17.1
10/14/2003,620
10/15/2003,84
10/16/2003,10
10/17/2003,429.3
10/20/2003,NA
10/21/2003,2.2
10/22/2003,0.8
10/23/2003,500
10/24/2003,480.8
10/27/2003,5
10/28/2003,37.6
10/29/2003,60.9
10/30/2003,3
10/31/2003,NA
11/03/2003,5
11/04/2003,5
11/05/2003,7
11/06/2003,NA
11/07/2003,3629.2
11/10/2003,0.4
11/11/2003,NA
11/12/2003,83.2
11/13/2003,20
11/14/2003,15.5
11/17/2003,NA
11/18/2003,NA
11/19/2003,63.5
11/20/2003,NA
11/21/2003,3
11/24/2003,NA
11/25/2003,3
11/26/2003,NA
11/27/2003,6
11/28/2003,NA
12/01/2003,7.4
12/02/2003,NA
12/03/2003,NA
12/04/2003,35
12/05/2003,17.8
12/08/2003,7
12/09/2003,35
12/10/2003,23
12/11/2003,50
12/12/2003,NA
12/15/2003,NA
12/16/2003,NA
12/17/2003,286.7
12/18/2003,0.9
12/19/2003,1.2
12/22/2003,NA
12/23/2003,14.4
12/24/2003,NA
12/25/2003,NA
12/26/2003,NA
12/29/2003,NA
12/30/2003,15
12/31/2003,NA
01/01/2004,NA
01/02/2004,NA
01/05/2004,7.1
01/06/2004,NA
01/07/2004,52.7
01/08/2004,3
01/09/2004,NA
01/12/2004,515
01/13/2004,52.4
01/14/2004,3
01/15/2004,22.3
01/16/2004,25.2
01/19/2004,10.2
01/20/2004,NA
01/21/2004,15.5
01/22/2004,19.8
01/23/2004,NA
01/26/2004,NA
01/27/2004,2.2
01/28/2004,2
01/29/2004,NA
01/30/2004,6.5
02/02/2004,2
02/03/2004,1
02/04/2004,2.5
02/05/2004,20
02/06/2004,NA
02/09/2004,NA
02/10/2004,NA
02/11/2004,15
02/12/2004,7.1
02/13/2004,4.8
02/16/2004,NA
02/17/2004,3.9
02/18/2004,5
02/19/2004,NA
02/20/2004,NA
02/23/2004,NA
02/24/2004,NA
02/25/2004,NA
02/26/2004,5
02/27/2004,33.9
03/01/2004,42.6
03/02/2004,34.6
03/03/2004,203.1
03/04/2004,NA
03/05/2004,30
03/08/2004,53
03/09/2004,34.4
03/10/2004,97.4
03/11/2004,NA
03/12/2004,NA
03/15/2004,8
03/16/2004,NA
03/17/2004,NA
03/18/2004,5.4
03/19/2004,NA
03/22/2004,NA
03/23/2004,10
03/24/2004,2.5
03/25/2004,NA
03/26/2004,17.8
03/29/2004,2
03/30/2004,16.1
03/31/2004,532.5
04/01/2004,NA
04/02/2004,NA
04/05/2004,28
04/06/2004,4485.3
04/07/2004,78.3
04/08/2004,64
04/09/2004,NA
04/12/2004,NA
04/13/2004,70
04/14/2004,NA
04/15/2004,38.5
04/16/2004,5
04/19/2004,136.9
04/20/2004,87.6
04/21/2004,69.3
04/22/2004,NA
04/23/2004,27.2
04/26/2004,69.8
04/27/2004,NA
04/28/2004,2.2
04/29/2004,NA
04/30/2004,10.1
05/03/2004,NA
05/04/2004,NA
05/05/2004,70
05/06/2004,10
05/07/2004,20
05/10/2004,NA
05/11/2004,4.9
05/12/2004,20
05/13/2004,70
05/14/2004,2
05/17/2004,NA
05/18/2004,32.8
05/19/2004,4.9
05/20/2004,NA
05/21/2004,55.1
05/24/2004,NA
05/25/2004,NA
05/26/2004,50
05/27/2004,140
05/28/2004,NA
05/31/2004,NA
06/01/2004,NA
06/02/2004,3
06/03/2004,NA
06/04/2004,NA
06/07/2004,35
06/08/2004,8.1
06/09/2004,4.2
06/10/2004,NA
06/11/2004,52.6
06/14/2004,20
06/15/2004,2.3
06/16/2004,NA
06/17/2004,NA
06/18/2004,4.7
06/21/2004,2.9
06/22/2004,NA
06/23/2004,10.6
06/24/2004,16.1
06/25/2004,NA
06/28/2004,NA
06/29/2004,0.3
06/30/2004,NA
07/01/2004,NA
07/02/2004,9
07/05/2004,NA
07/06/2004,8.4
07/07/2004,8
07/08/2004,5
07/09/2004,2
07/12/2004,NA
07/13/2004,0.5
07/14/2004,43.4
07/15/2004,44.5
07/16/2004,NA
07/19/2004,20
07/20/2004,33
07/21/2004,4.3
07/22/2004,6.5
07/23/2004,12.9
07/26/2004,NA
07/27/2004,39.7
07/28/2004,5
07/29/2004,116.7
07/30/2004,5
08/02/2004,NA
08/03/2004,5
08/04/2004,32.3
08/05/2004,10
08/06/2004,NA
08/09/2004,NA
08/10/2004,50
08/11/2004,NA
08/12/2004,NA
08/13/2004,NA
08/16/2004,7.4
08/17/2004,NA
08/18/2004,NA
08/19/2004,NA
08/20/2004,0.6
08/23/2004,24
08/24/2004,5
08/25/2004,NA
08/26/2004,NA
08/27/2004,20
08/30/2004,NA
08/31/2004,NA
09/01/2004,10
09/02/2004,33
09/03/2004,15
09/06/2004,16.3
09/07/2004,NA
09/08/2004,NA
09/09/2004,29.1
09/10/2004,189
09/13/2004,21
09/14/2004,28.2
09/15/2004,5
09/16/2004,4
09/17/2004,3
09/20/2004,0.5
09/21/2004,13
09/22/2004,10
09/23/2004,0.1
09/24/2004,NA
09/27/2004,16.3
09/28/2004,136.5
09/29/2004,212.9
09/30/2004,90.7
10/01/2004,8022.5
10/04/2004,65
10/05/2004,356.5
10/06/2004,143.3
10/07/2004,570
10/08/2004,499.1
10/11/2004,76.8
10/12/2004,298.6
10/13/2004,130
10/14/2004,30
10/15/2004,26.1
10/18/2004,4.8
10/19/2004,15.7
10/20/2004,28
10/21/2004,7.3
10/22/2004,4
10/25/2004,10
10/26/2004,9.7
10/27/2004,4.9
10/28/2004,10.1
10/29/2004,NA
11/01/2004,2.4
11/02/2004,0.8
11/03/2004,14.3
11/04/2004,258.4
11/05/2004,NA
11/08/2004,NA
11/09/2004,NA
11/10/2004,5.9
11/11/2004,1.8
11/12/2004,34.5
11/15/2004,NA
11/16/2004,4.1
11/17/2004,110.2
11/18/2004,6145.1
11/19/2004,34
11/22/2004,51.2
11/23/2004,706
11/24/2004,40.5
11/25/2004,NA
11/26/2004,18
11/29/2004,108.3
11/30/2004,81.8
12/01/2004,25.7
12/02/2004,20
12/03/2004,20
12/06/2004,4
12/07/2004,185
12/08/2004,16.5
12/09/2004,6.5
12/10/2004,22
12/13/2004,NA
12/14/2004,30
12/15/2004,2
12/16/2004,NA
12/17/2004,75
12/20/2004,1.2
12/21/2004,NA
12/22/2004,2.6
12/23/2004,26
12/24/2004,563.1
12/27/2004,NA
12/28/2004,NA
12/29/2004,NA
12/30/2004,NA
12/31/2004,NA
01/03/2005,0.3
01/04/2005,3.7
01/05/2005,10.1
01/06/2005,50
01/07/2005,106.8
01/10/2005,3.5
01/11/2005,56.5
01/12/2005,74.2
01/13/2005,37.7
01/14/2005,95.2
01/17/2005,41
01/18/2005,17.6
01/19/2005,24.8
01/20/2005,19.6
01/21/2005,10.9
01/24/2005,11.6
01/25/2005,106.6
01/26/2005,21.1
01/27/2005,42
01/28/2005,57.6
01/31/2005,1
02/01/2005,28.2
02/02/2005,17.7
02/03/2005,NA
02/04/2005,16.9
02/07/2005,151.1
02/08/2005,NA
02/09/2005,13.5
02/10/2005,NA
02/11/2005,32.8
02/14/2005,16.3
02/15/2005,20.8
02/16/2005,11.2
02/17/2005,16.5
02/18/2005,5.5
02/21/2005,NA
02/22/2005,5.5
02/23/2005,NA
02/24/2005,140.2
02/25/2005,35.2
02/28/2005,4.1
03/01/2005,100
03/02/2005,87
03/03/2005,18
03/04/2005,8
03/07/2005,103.1
03/08/2005,NA
03/09/2005,5.4
03/10/2005,201.6
03/11/2005,8.5
03/14/2005,13.5
03/15/2005,7.5
03/16/2005,2.6
03/17/2005,18
03/18/2005,87.2
03/21/2005,NA
03/22/2005,16.1
03/23/2005,8.2
03/24/2005,5.7
03/25/2005,NA
03/28/2005,NA
03/29/2005,10.7
03/30/2005,10.4
03/31/2005,0.3
04/01/2005,12.5
04/04/2005,0.3
04/05/2005,143.9
04/06/2005,133.4
04/07/2005,578.1
04/08/2005,19.5
04/11/2005,279.5
04/12/2005,149.7
04/13/2005,511.6
04/14/2005,NA
04/15/2005,20.5
04/18/2005,3
04/19/2005,112.7
04/20/2005,82.3
04/21/2005,12
04/22/2005,12.5
04/25/2005,77.8
04/26/2005,65
04/27/2005,NA
04/28/2005,20.6
04/29/2005,5.6
05/02/2005,NA
05/03/2005,233.4
05/04/2005,46.4
05/05/2005,37.7
05/06/2005,32.2
05/09/2005,23
05/10/2005,14.2
05/11/2005,11
05/12/2005,21.5
05/13/2005,7.9
05/16/2005,18.2
05/17/2005,54.6
05/18/2005,18
05/19/2005,16.8
05/20/2005,16.2
05/23/2005,10
05/24/2005,30
05/25/2005,11
05/26/2005,0.5
05/27/2005,12
05/30/2005,25.9
05/31/2005,9.9
06/01/2005,13.8
06/02/2005,1.5
06/03/2005,11.8
06/06/2005,18.1
06/07/2005,8.3
06/08/2005,55
06/09/2005,0.3
06/10/2005,343.4
06/13/2005,67.3
06/14/2005,5.2
06/15/2005,19.1
06/16/2005,NA
06/17/2005,2
06/20/2005,NA
06/21/2005,0.9
06/22/2005,54.8
06/23/2005,25.7
06/24/2005,2.8
06/27/2005,10.5
06/28/2005,3.3
06/29/2005,NA
06/30/2005,75
07/01/2005,142.2
07/04/2005,32.5
07/05/2005,50
07/06/2005,6.5
07/07/2005,253.9
07/08/2005,11.2
07/11/2005,100
07/12/2005,5.5
07/13/2005,90.9
07/14/2005,17
07/15/2005,4.7
07/18/2005,33.7
07/19/2005,46.7
07/20/2005,55
07/21/2005,117.7
07/22/2005,134.6
07/25/2005,287.6
07/26/2005,145.6
07/27/2005,111.4
07/28/2005,84.7
07/29/2005,357.3
08/01/2005,1207
08/02/2005,784.7
08/03/2005,9
08/04/2005,1.8
08/05/2005,1114.6
08/08/2005,10
08/09/2005,NA
08/10/2005,48.1
08/11/2005,16.4
08/12/2005,NA
08/15/2005,22.7
08/16/2005,29.5
08/17/2005,41.7
08/18/2005,108.3
08/19/2005,51.3
08/22/2005,43.4
08/23/2005,0.3
08/24/2005,11.8
08/25/2005,231.8
08/26/2005,1453.3
08/29/2005,118.8
08/30/2005,30
08/31/2005,18
09/01/2005,25
09/02/2005,12.3
09/05/2005,2
09/06/2005,280.5
09/07/2005,2
09/08/2005,978.2
09/09/2005,90.4
09/12/2005,290.7
09/13/2005,54.2
09/14/2005,3.8
09/15/2005,16.8
09/16/2005,38.5
09/19/2005,65.3
09/20/2005,219.7
09/21/2005,178.8
09/22/2005,139.7
09/23/2005,56
09/26/2005,40.4
09/27/2005,125.3
09/28/2005,148.7
09/29/2005,757.4
09/30/2005,111.5
10/03/2005,34.6
10/04/2005,47.5
10/05/2005,11.1
10/06/2005,597
10/07/2005,42.3
10/10/2005,0.6
10/11/2005,195.4
10/12/2005,55.7
10/13/2005,11.1
10/14/2005,35
10/17/2005,181.9
10/18/2005,50.2
10/19/2005,33.4
10/20/2005,10.8
10/21/2005,NA
10/24/2005,0.5
10/25/2005,53.7
10/26/2005,67.3
10/27/2005,53.9
10/28/2005,4.1
10/31/2005,19.1
11/01/2005,44.9
11/02/2005,789
11/03/2005,180.2
11/04/2005,22
11/07/2005,42.4
11/08/2005,187.9
11/09/2005,98.4
11/10/2005,0.6
11/11/2005,4.4
11/14/2005,11.6
11/15/2005,6
11/16/2005,67.6
11/17/2005,NA
11/18/2005,68.8
11/21/2005,26.4
11/22/2005,35
11/23/2005,40
11/24/2005,45
11/25/2005,30
11/28/2005,28.7
11/29/2005,7.8
11/30/2005,NA
12/01/2005,2
12/02/2005,115.8
12/05/2005,95.1
12/06/2005,77.9
12/07/2005,17.5
12/08/2005,29.4
12/09/2005,4
12/12/2005,NA
12/13/2005,5
12/14/2005,NA
12/15/2005,NA
12/16/2005,NA
12/19/2005,NA
12/20/2005,NA
12/21/2005,1.5
12/22/2005,1.9
12/23/2005,0.3
12/26/2005,NA
12/27/2005,11
12/28/2005,20
12/29/2005,1
12/30/2005,NA
01/02/2006,NA
01/03/2006,NA
01/04/2006,11.8
01/05/2006,NA
01/06/2006,3.2
01/09/2006,9
01/10/2006,8.2
01/11/2006,12
01/12/2006,19.9
01/13/2006,5.3
01/16/2006,80.8
01/17/2006,97.1
01/18/2006,41.3
01/19/2006,3
01/20/2006,17
01/23/2006,NA
01/24/2006,25
01/25/2006,272.7
01/26/2006,24.9
01/27/2006,9.6
01/30/2006,5.2
01/31/2006,13
02/01/2006,21.5
02/02/2006,10.8
02/03/2006,3
02/06/2006,6.6
02/07/2006,13
02/08/2006,2.6
02/09/2006,44.9
02/10/2006,3.8
02/13/2006,4.2
02/14/2006,407.5
02/15/2006,3.8
02/16/2006,47.9
02/17/2006,NA
02/20/2006,NA
02/21/2006,3
02/22/2006,4.5
02/23/2006,NA
02/24/2006,NA
02/27/2006,5.5
02/28/2006,7
03/01/2006,NA
03/02/2006,4.2
03/03/2006,14.1
03/06/2006,9.7
03/07/2006,8.9
03/08/2006,9
03/09/2006,NA
03/10/2006,NA
03/13/2006,50
03/14/2006,81.8
03/15/2006,31.5
03/16/2006,1.5
03/17/2006,7.2
03/20/2006,44.5
03/21/2006,NA
03/22/2006,0.7
03/23/2006,6.1
03/24/2006,4.3
03/27/2006,14.5
03/28/2006,3.8
03/29/2006,47.9
03/30/2006,1.7
03/31/2006,3
04/03/2006,199.4
04/04/2006,8.6
04/05/2006,17.5
04/06/2006,17.9
04/07/2006,123.1
04/10/2006,87.8
04/11/2006,2.4
04/12/2006,NA
04/13/2006,36
04/14/2006,NA
04/17/2006,NA
04/18/2006,5.5
04/19/2006,897.8
04/20/2006,1365.4
04/21/2006,123.6
04/24/2006,192.4
04/25/2006,76.1
04/26/2006,73
04/27/2006,NA
04/28/2006,5801.9
05/01/2006,NA
05/02/2006,3.1
05/03/2006,101.7
05/04/2006,3252.1
05/05/2006,7652.2
05/08/2006,91.3
05/09/2006,64.7
05/10/2006,NA
05/11/2006,23.7
05/12/2006,5
05/15/2006,97.2
05/16/2006,3
05/17/2006,64
05/18/2006,9.6
05/19/2006,4
05/22/2006,6.2
05/23/2006,3
05/24/2006,10
05/25/2006,NA
05/26/2006,NA
05/29/2006,36.5
05/30/2006,49.2
05/31/2006,41.5
06/01/2006,68.6
06/02/2006,NA
06/05/2006,59.1
06/06/2006,742.9
06/07/2006,20
06/08/2006,18.8
06/09/2006,146.9
06/12/2006,NA
06/13/2006,NA
06/14/2006,NA
06/15/2006,67.9
06/16/2006,NA
06/19/2006,2
06/20/2006,12.1
06/21/2006,2
06/22/2006,224.5
06/23/2006,NA
06/26/2006,7.2
06/27/2006,NA
06/28/2006,NA
06/29/2006,45
06/30/2006,NA
07/03/2006,153.2
07/04/2006,102.3
07/05/2006,NA
07/06/2006,6
07/07/2006,NA
07/10/2006,50
07/11/2006,3392.8
07/12/2006,374.2
07/13/2006,NA
07/14/2006,NA
07/17/2006,37.8
07/18/2006,50
07/19/2006,6.8
07/20/2006,NA
07/21/2006,25
07/24/2006,5
07/25/2006,NA
07/26/2006,122.5
07/27/2006,7.4
07/28/2006,3.1
07/31/2006,NA
08/01/2006,NA
08/02/2006,NA
08/03/2006,1.3
08/04/2006,51
08/07/2006,155.2
08/08/2006,80
08/09/2006,NA
08/10/2006,NA
08/11/2006,20
08/14/2006,2
08/15/2006,18.5
08/16/2006,NA
08/17/2006,109.5
08/18/2006,13.5
08/21/2006,1137.4
08/22/2006,NA
08/23/2006,295
08/24/2006,NA
08/25/2006,NA
08/28/2006,12.5
08/29/2006,7.3
08/30/2006,4.9
08/31/2006,NA
09/01/2006,8.4
09/04/2006,NA
09/05/2006,15.9
09/06/2006,NA
09/07/2006,NA
09/08/2006,61.8
09/11/2006,174.4
09/12/2006,NA
09/13/2006,6.2
09/14/2006,36
09/15/2006,NA
09/18/2006,NA
09/19/2006,15.6
09/20/2006,20
09/21/2006,134.4
09/22/2006,36.6
09/25/2006,NA
09/26/2006,23.5
09/27/2006,2
09/28/2006,1.6
09/29/2006,NA
10/02/2006,40
10/03/2006,5
10/04/2006,5332.6
10/05/2006,56
10/06/2006,188
10/09/2006,86.7
10/10/2006,72
10/11/2006,733
10/12/2006,50.3
10/13/2006,55.1
10/16/2006,189.6
10/17/2006,19.1
10/18/2006,61.4
10/19/2006,18.3
10/20/2006,16.5
10/23/2006,7.3
10/24/2006,15.4
10/25/2006,3.3
10/26/2006,3
10/27/2006,1.3
10/30/2006,NA
10/31/2006,NA
11/01/2006,139.2
11/02/2006,53
11/03/2006,64.9
11/06/2006,101.5
11/07/2006,NA
11/08/2006,1
11/09/2006,14
11/10/2006,5
11/13/2006,29.8
11/14/2006,41.3
11/15/2006,3.5
11/16/2006,NA
11/17/2006,1.5
11/20/2006,9.4
11/21/2006,1
11/22/2006,31.3
11/23/2006,5
11/24/2006,52.4
11/27/2006,28.2
11/28/2006,45.1
11/29/2006,6.7
11/30/2006,3
12/01/2006,4
12/04/2006,22
12/05/2006,46.9
12/06/2006,20
12/07/2006,4
12/08/2006,9
12/11/2006,54.3
12/12/2006,0.5
12/13/2006,14.2
12/14/2006,NA
12/15/2006,NA
12/18/2006,13.8
12/19/2006,56.9
12/20/2006,26.5
12/21/2006,237.2
12/22/2006,1
12/25/2006,NA
12/26/2006,NA
12/27/2006,14
12/28/2006,13.4
12/29/2006,NA
01/01/2007,NA
01/02/2007,64.5
01/03/2007,NA
01/04/2007,NA
01/05/2007,NA
01/08/2007,20.8
01/09/2007,5.4
01/10/2007,29.7
01/11/2007,1
01/12/2007,88.6
01/15/2007,30
01/16/2007,11.2
01/17/2007,21
01/18/2007,2
01/19/2007,31.7
01/22/2007,32.4
01/23/2007,NA
01/24/2007,7
01/25/2007,14.4
01/26/2007,NA
01/29/2007,1.5
01/30/2007,20.6
01/31/2007,62.3
02/01/2007,34.5
02/02/2007,371.6
02/05/2007,727.5
02/06/2007,199.2
02/07/2007,56.8
02/08/2007,1434.6
02/09/2007,1269.5
02/12/2007,14
02/13/2007,6
02/14/2007,52.5
02/15/2007,112.1
02/16/2007,26.5
02/19/2007,18.8
02/20/2007,NA
02/21/2007,NA
02/22/2007,103.8
02/23/2007,245.9
02/26/2007,3.9
02/27/2007,44
02/28/2007,35
03/01/2007,3.4
03/02/2007,24
03/05/2007,174.4
03/06/2007,148.5
03/07/2007,100.4
03/08/2007,119
03/09/2007,NA
03/12/2007,21.4
03/13/2007,41.1
03/14/2007,673.2
03/15/2007,48.9
03/16/2007,0.5
03/19/2007,73.4
03/20/2007,5
03/21/2007,NA
03/22/2007,27.3
03/23/2007,50
03/26/2007,85.2
03/27/2007,7.8
03/28/2007,4.9
03/29/2007,70
03/30/2007,75.1
04/02/2007,22.9
04/03/2007,29.7
04/04/2007,58.3
04/05/2007,98.6
04/06/2007,NA
04/09/2007,NA
04/10/2007,112.6
04/11/2007,68.2
04/12/2007,27.7
04/13/2007,87.5
04/16/2007,11.1
04/17/2007,176.7
04/18/2007,338.3
04/19/2007,56.9
04/20/2007,3.5
04/23/2007,2105.5
04/24/2007,120.9
04/25/2007,2039.5
04/26/2007,1.5
04/27/2007,NA
04/30/2007,41.1
05/01/2007,NA
05/02/2007,4440.7
05/03/2007,215
05/04/2007,243.2
05/07/2007,341.2
05/08/2007,152.6
05/09/2007,74
05/10/2007,283.3
05/11/2007,128
05/14/2007,117
05/15/2007,1.6
05/16/2007,22.6
05/17/2007,140.8
05/18/2007,324.6
05/21/2007,2036
05/22/2007,78.1
05/23/2007,243.9
05/24/2007,60
05/25/2007,9
05/28/2007,962.6
05/29/2007,141.7
05/30/2007,73.8
05/31/2007,147.5
06/01/2007,151
06/04/2007,189.9
06/05/2007,394.4
06/06/2007,46.6
06/07/2007,69.2
06/08/2007,124.3
06/11/2007,50
06/12/2007,57.6
06/13/2007,153
06/14/2007,5.8
06/15/2007,84.7
06/18/2007,42
06/19/2007,31.3
06/20/2007,18.6
06/21/2007,65.1
06/22/2007,347.3
06/25/2007,1135.8
06/26/2007,252.9
06/27/2007,126
06/28/2007,262.2
06/29/2007,157.2
07/02/2007,14.3
07/03/2007,105.1
07/04/2007,150.2
07/05/2007,7.9
07/06/2007,38.3
07/09/2007,42.4
07/10/2007,90.1
07/11/2007,13.2
07/12/2007,11.3
07/13/2007,2
07/16/2007,234
07/17/2007,28.1
07/18/2007,NA
07/19/2007,55
07/20/2007,40.5
07/23/2007,35.2
07/24/2007,43.7
07/25/2007,12.8
07/26/2007,16.4
07/27/2007,14
07/30/2007,8.9
07/31/2007,17.1
08/01/2007,65.4
08/02/2007,146.8
08/03/2007,41.6
08/06/2007,17.5
08/07/2007,2110
08/08/2007,4.3
08/09/2007,NA
08/10/2007,2.5
08/13/2007,181.9
08/14/2007,198.5
08/15/2007,105.9
08/16/2007,133
08/17/2007,65
08/20/2007,20.9
08/21/2007,NA
08/22/2007,18.5
08/23/2007,8.2
08/24/2007,5.8
08/27/2007,NA
08/28/2007,5
08/29/2007,44.5
08/30/2007,190.4
08/31/2007,10
09/03/2007,108.7
09/04/2007,511.8
09/05/2007,422.2
09/06/2007,179.5
09/07/2007,56.6
09/10/2007,166.5
09/11/2007,708.5
09/12/2007,24
09/13/2007,100.2
09/14/2007,27.5
09/17/2007,29.8
09/18/2007,20.7
09/19/2007,114.3
09/20/2007,NA
09/21/2007,3
09/24/2007,NA
09/25/2007,531.9
09/26/2007,121
09/27/2007,309.8
09/28/2007,3.8
10/01/2007,54.3
10/02/2007,770.9
10/03/2007,322.8
10/04/2007,640.7
10/05/2007,5019.9
10/08/2007,162.5
10/09/2007,97.1
10/10/2007,205.1
10/11/2007,512.5
10/12/2007,141.5
10/15/2007,509
10/16/2007,196.9
10/17/2007,253
10/18/2007,134.4
10/19/2007,128.3
10/22/2007,69.5
10/23/2007,66.6
10/24/2007,84.2
10/25/2007,27.9
10/26/2007,163.1
10/29/2007,135.4
10/30/2007,34.4
10/31/2007,18
11/01/2007,16.8
11/02/2007,1087.8
11/05/2007,23.1
11/06/2007,NA
11/07/2007,276.4
11/08/2007,4.6
11/09/2007,78
11/12/2007,28.1
11/13/2007,20.5
11/14/2007,63.5
11/15/2007,58.5
11/16/2007,111.3
11/19/2007,389.3
11/20/2007,267.5
11/21/2007,25.1
11/22/2007,310.1
11/23/2007,66.9
11/26/2007,159.6
11/27/2007,599.1
11/28/2007,369
11/29/2007,283.6
11/30/2007,168.8
12/03/2007,15.7
12/04/2007,27.4
12/05/2007,28.5
12/06/2007,2.1
12/07/2007,20.1
12/10/2007,157.8
12/11/2007,23.6
12/12/2007,175.3
12/13/2007,19
12/14/2007,37.1
12/17/2007,NA
12/18/2007,4.1
12/19/2007,19
12/20/2007,24.2
12/21/2007,44.8
12/24/2007,11.5
12/25/2007,NA
12/26/2007,NA
12/27/2007,4.2
12/28/2007,3.2
12/31/2007,NA
01/01/2008,NA
01/02/2008,42
01/03/2008,12.3
01/04/2008,63.7
01/07/2008,102.5
01/08/2008,31.8
01/09/2008,50.6
01/10/2008,30
01/11/2008,80.6
01/14/2008,181.5
01/15/2008,3.3
01/16/2008,29.1
01/17/2008,30.9
01/18/2008,135.3
01/21/2008,47
01/22/2008,137.3
01/23/2008,43.5
01/24/2008,837
01/25/2008,265.9
01/28/2008,72.5
01/29/2008,44.8
01/30/2008,98.1
01/31/2008,57.3
02/01/2008,105.7
02/04/2008,292.6
02/05/2008,311.3
02/06/2008,35
02/07/2008,77
02/08/2008,1407.3
02/11/2008,65.5
02/12/2008,181.7
02/13/2008,160
02/14/2008,259.3
02/15/2008,86.5
02/18/2008,14
02/19/2008,163.8
02/20/2008,52.5
02/21/2008,NA
02/22/2008,63
02/25/2008,52.8
02/26/2008,91.7
02/27/2008,103.3
02/28/2008,2.5
02/29/2008,78.4
03/03/2008,20
03/04/2008,132.4
03/05/2008,233.6
03/06/2008,4
03/07/2008,14.6
03/10/2008,27.8
03/11/2008,12.5
03/12/2008,41.9
03/13/2008,2454.9
03/14/2008,12.8
03/17/2008,52.8
03/18/2008,297.1
03/19/2008,128.9
03/20/2008,274.6
03/21/2008,NA
03/24/2008,NA
03/25/2008,49
03/26/2008,680.6
03/27/2008,15.6
03/28/2008,191.8
03/31/2008,NA
04/01/2008,626.6
04/02/2008,132.3
04/03/2008,73.6
04/04/2008,27.4
04/07/2008,10.8
04/08/2008,47.8
04/09/2008,184.2
04/10/2008,81.5
04/11/2008,394.4
04/14/2008,582.6
04/15/2008,1997.9
04/16/2008,658.5
04/17/2008,25.1
04/18/2008,26.4
04/21/2008,248.5
04/22/2008,80.5
04/23/2008,33.9
04/24/2008,15.1
04/25/2008,27.6
04/28/2008,NA
04/29/2008,13.6
04/30/2008,3.4
05/01/2008,NA
05/02/2008,NA
05/05/2008,1371.1
05/06/2008,6.2
05/07/2008,636.6
05/08/2008,5
05/09/2008,225.4
05/12/2008,137.2
05/13/2008,18.7
05/14/2008,52.9
05/15/2008,59.4
05/16/2008,86.5
05/19/2008,60
05/20/2008,112
05/21/2008,1013.4
05/22/2008,103.5
05/23/2008,132.3
05/26/2008,67.6
05/27/2008,22.8
05/28/2008,3026.3
05/29/2008,395.7
05/30/2008,329.1
06/02/2008,59.6
06/03/2008,81.5
06/04/2008,407.2
06/05/2008,317
06/06/2008,122.1
06/09/2008,243.9
06/10/2008,878.9
06/11/2008,188.8
06/12/2008,11.1
06/13/2008,0.5
06/16/2008,NA
06/17/2008,173.9
06/18/2008,15.1
06/19/2008,370.8
06/20/2008,367.2
06/23/2008,160.3
06/24/2008,94.4
06/25/2008,106
06/26/2008,24.5
06/27/2008,399.4
06/30/2008,26.8
07/01/2008,5.9
07/02/2008,37.6
07/03/2008,268.7
07/04/2008,139.8
07/07/2008,29.6
07/08/2008,39.1
07/09/2008,319.6
07/10/2008,215.7
07/11/2008,260
07/14/2008,0.8
07/15/2008,2.7
07/16/2008,20.7
07/17/2008,33.9
07/18/2008,76.8
07/21/2008,14.6
07/22/2008,5.3
07/23/2008,59.7
07/24/2008,14.6
07/25/2008,69.7
07/28/2008,13.3
07/29/2008,42.6
07/30/2008,1
07/31/2008,12.2
08/01/2008,118.8
08/04/2008,20.6
08/05/2008,1.5
08/06/2008,11
08/07/2008,4
08/08/2008,82.5
08/11/2008,50.7
08/12/2008,1271.1
08/13/2008,2185.8
08/14/2008,920.2
08/15/2008,1325
08/18/2008,136
08/19/2008,680
08/20/2008,20.9
08/21/2008,43.1
08/22/2008,238.8
08/25/2008,317.6
08/26/2008,302.1
08/27/2008,93.2
08/28/2008,186
08/29/2008,22.9
09/01/2008,2.2
09/02/2008,114.8
09/03/2008,9
09/04/2008,1
09/05/2008,3.5
09/08/2008,4.3
09/09/2008,18.6
09/10/2008,47.3
09/11/2008,395.4
09/12/2008,27.5
09/15/2008,5.1
09/16/2008,237.5
09/17/2008,54.1
09/18/2008,1.5
09/19/2008,227.5
09/22/2008,513.2
09/23/2008,591.8
09/24/2008,NA
09/25/2008,1805.4
09/26/2008,10.5
09/29/2008,6.6
09/30/2008,0.2
10/01/2008,12.3
10/02/2008,10.6
10/03/2008,72
10/06/2008,68.1
10/07/2008,157
10/08/2008,236.3
10/09/2008,124.3
10/10/2008,29
10/13/2008,25.4
10/14/2008,35
10/15/2008,28.5
10/16/2008,218.4
10/17/2008,421.2
10/20/2008,2
10/21/2008,10.8
10/22/2008,60
10/23/2008,946.8
10/24/2008,134.2
10/27/2008,82.6
10/28/2008,33
10/29/2008,70.6
10/30/2008,295.4
10/31/2008,239
11/03/2008,71.1
11/04/2008,128
11/05/2008,5.7
11/06/2008,15.1
11/07/2008,395.5
11/10/2008,794
11/11/2008,0.4
11/12/2008,1.1
11/13/2008,65
11/14/2008,800
11/17/2008,NA
11/18/2008,136.5
11/19/2008,0.4
11/20/2008,NA
11/21/2008,666
11/24/2008,5.2
11/25/2008,533.1
11/26/2008,16.1
11/27/2008,268
11/28/2008,12.8
12/01/2008,208.7
12/02/2008,1
12/03/2008,2293.3
12/04/2008,NA
12/05/2008,0
12/08/2008,1261
12/09/2008,566
12/10/2008,2020
12/11/2008,170.5
12/12/2008,2833.3
12/15/2008,40
12/16/2008,NA
12/17/2008,219.4
12/18/2008,51.1
12/19/2008,NA
12/22/2008,0.5
12/23/2008,50.2
12/24/2008,85
12/25/2008,NA
12/26/2008,NA
12/29/2008,300
12/30/2008,13
12/31/2008,0.1
01/01/2009,NA
01/02/2009,0.1
01/05/2009,77.4
01/06/2009,463.8
01/07/2009,61.1
01/08/2009,8
01/09/2009,2.4
01/12/2009,0.3
01/13/2009,26.6
01/14/2009,56.1
01/15/2009,59.3
01/16/2009,9.1
01/19/2009,35
01/20/2009,NA
01/21/2009,283.9
01/22/2009,NA
01/23/2009,106.8
01/26/2009,8.2
01/27/2009,25.8
01/28/2009,14
01/29/2009,2.3
01/30/2009,NA
02/02/2009,1031.3
02/03/2009,3.1
02/04/2009,188.5
02/05/2009,50
02/06/2009,NA
02/09/2009,9.1
02/10/2009,0.6
02/11/2009,0.1
02/12/2009,NA
02/13/2009,252.9
02/16/2009,11.4
02/17/2009,33.5
02/18/2009,30
02/19/2009,NA
02/20/2009,0.7
02/23/2009,14.1
02/24/2009,39.1
02/25/2009,213.9
02/26/2009,15
02/27/2009,NA
03/02/2009,10.3
03/03/2009,60
03/04/2009,70
03/05/2009,5
03/06/2009,832
03/09/2009,NA
03/10/2009,67.2
03/11/2009,0.6
03/12/2009,40
03/13/2009,20.7
03/16/2009,10.3
03/17/2009,2.1
03/18/2009,5.3
03/19/2009,88.1
03/20/2009,31.2
03/23/2009,33.5
03/24/2009,24.2
03/25/2009,19.6
03/26/2009,6
03/27/2009,15
03/30/2009,20.8
03/31/2009,179.5
04/01/2009,0.3
04/02/2009,375.6
04/03/2009,75.3
04/06/2009,214.2
04/07/2009,149.8
04/08/2009,1196.9
04/09/2009,6.8
04/10/2009,NA
04/13/2009,NA
04/14/2009,109.4
04/15/2009,0.9
04/16/2009,15
04/17/2009,285
04/20/2009,20.4
04/21/2009,226.3
04/22/2009,NA
04/23/2009,473
04/24/2009,195.9
04/27/2009,NA
04/28/2009,1450.5
04/29/2009,462.2
04/30/2009,183.2
05/01/2009,NA
05/04/2009,553
05/05/2009,251.2
05/06/2009,737.8
05/07/2009,54.9
05/08/2009,90.4
05/11/2009,79.8
05/12/2009,25.7
05/13/2009,33.4
05/14/2009,84.5
05/15/2009,272.8
05/18/2009,159.4
05/19/2009,559.4
05/20/2009,545.3
05/21/2009,447.1
05/22/2009,NA
05/25/2009,44.8
05/26/2009,215
05/27/2009,765.9
05/28/2009,62.6
05/29/2009,16.1
06/01/2009,36.9
06/02/2009,22.8
06/03/2009,37.8
06/04/2009,14.8
06/05/2009,8.8
06/08/2009,47.4
06/09/2009,2.3
06/10/2009,51.9
06/11/2009,208.4
06/12/2009,94
06/15/2009,30
06/16/2009,NA
06/17/2009,6
06/18/2009,16
06/19/2009,39.7
06/22/2009,96.6
06/23/2009,2.1
06/24/2009,300
06/25/2009,31.2
06/26/2009,17.8
06/29/2009,7.3
06/30/2009,3
07/01/2009,10
07/02/2009,6
07/03/2009,37.5
07/06/2009,799.9
07/07/2009,5
07/08/2009,26.3
07/09/2009,17.2
07/10/2009,146.6
07/13/2009,NA
07/14/2009,7.5
07/15/2009,6.9
07/16/2009,4.2
07/17/2009,41.4
07/20/2009,15.5
07/21/2009,80.8
07/22/2009,30.1
07/23/2009,70.1
07/24/2009,76
07/27/2009,10
07/28/2009,151.9
07/29/2009,338
07/30/2009,298.3
07/31/2009,207.8
08/03/2009,19.8
08/04/2009,6.1
08/05/2009,26.7
08/06/2009,583.8
08/07/2009,3481.9
08/10/2009,NA
08/11/2009,44.5
08/12/2009,1322.3
08/13/2009,208.3
08/14/2009,1.1
08/17/2009,99
08/18/2009,152.9
08/19/2009,14.1
08/20/2009,61.7
08/21/2009,11.3
08/24/2009,56
08/25/2009,NA
08/26/2009,272.6
08/27/2009,1668.5
08/28/2009,2456.4
08/31/2009,15
09/01/2009,8.4
09/02/2009,88.4
09/03/2009,21
09/04/2009,39.7
09/07/2009,9.5
09/08/2009,263.2
09/09/2009,60.5
09/10/2009,33.2
09/11/2009,14.7
09/14/2009,42.9
09/15/2009,170.6
09/16/2009,121.1
09/17/2009,59.6
09/18/2009,25.5
09/21/2009,12.4
09/22/2009,576.2
09/23/2009,381
09/24/2009,NA
09/25/2009,32.5
09/28/2009,122
09/29/2009,27.2
09/30/2009,5.1
10/01/2009,5.9
10/02/2009,21.3
10/05/2009,24.7
10/06/2009,72.6
10/07/2009,4165.5
10/08/2009,115.6
10/09/2009,651
10/12/2009,273.2
10/13/2009,18.9
10/14/2009,561.1
10/15/2009,5.8
10/16/2009,24.9
10/19/2009,300.2
10/20/2009,254.5
10/21/2009,688
10/22/2009,366.3
10/23/2009,3370.5
10/26/2009,36.9
10/27/2009,599.8
10/28/2009,21
10/29/2009,2851.4
10/30/2009,2.6
11/02/2009,1496.8
11/03/2009,20
11/04/2009,58
11/05/2009,32.2
11/06/2009,838.1
11/09/2009,176.5
11/10/2009,49.4
11/11/2009,783.3
11/12/2009,813.6
11/13/2009,1266.5
11/16/2009,623.3
11/17/2009,7.8
11/18/2009,6.9
11/19/2009,2.1
11/20/2009,164.2
11/23/2009,29.5
11/24/2009,61.5
11/25/2009,14.7
11/26/2009,31.1
11/27/2009,60.4
11/30/2009,158.4
12/01/2009,1048.1
12/02/2009,354.9
12/03/2009,159.1
12/04/2009,292.2
12/07/2009,32
12/08/2009,29.8
12/09/2009,104.4
12/10/2009,14
12/11/2009,3.4
12/14/2009,1.7
12/15/2009,6
12/16/2009,NA
12/17/2009,20
12/18/2009,79
12/21/2009,4.7
12/22/2009,52.3
12/23/2009,5.3
12/24/2009,NA
12/25/2009,NA
12/28/2009,2.2
12/29/2009,1
12/30/2009,312
12/31/2009,4.3
01/01/2010,NA
01/04/2010,12.3
01/05/2010,12.7
01/06/2010,29.3
01/07/2010,19.5
01/08/2010,210
01/11/2010,18.4
01/12/2010,71.6
01/13/2010,585.1
01/14/2010,126.8
01/15/2010,5.1
01/18/2010,1.2
01/19/2010,NA
01/20/2010,15.8
01/21/2010,20
01/22/2010,18
01/25/2010,25.2
01/26/2010,69
01/27/2010,10.9
01/28/2010,129.8
01/29/2010,98.3
02/01/2010,574.4
02/02/2010,236.7
02/03/2010,154.1
02/04/2010,261
02/05/2010,2.5
02/08/2010,37.5
02/09/2010,40.4
02/10/2010,125.8
02/11/2010,0.3
02/12/2010,67.3
02/15/2010,29.8
02/16/2010,618.8
02/17/2010,100.1
02/18/2010,1.5
02/19/2010,56.8
02/22/2010,190.1
02/23/2010,349.7
02/24/2010,8.3
02/25/2010,138.8
02/26/2010,23
03/01/2010,6.4
03/02/2010,143.7
03/03/2010,3.9
03/04/2010,83.8
03/05/2010,6.2
03/08/2010,124.3
03/09/2010,2.1
03/10/2010,263.5
03/11/2010,305.1
03/12/2010,98.3
03/15/2010,9
03/16/2010,5.8
03/17/2010,179
03/18/2010,40.1
03/19/2010,13.2
03/22/2010,NA
03/23/2010,243.5
03/24/2010,473.4
03/25/2010,776.5
03/26/2010,828.9
03/29/2010,742.7
03/30/2010,313
03/31/2010,253.7
04/01/2010,600
04/02/2010,NA
04/05/2010,NA
04/06/2010,24
04/07/2010,65.2
04/08/2010,5.5
04/09/2010,44.1
04/12/2010,14.3
04/13/2010,28
04/14/2010,75.4
04/15/2010,30.9
04/16/2010,28.3
04/19/2010,25.1
04/20/2010,332.9
04/21/2010,545.2
04/22/2010,702.8
04/23/2010,527.3
04/26/2010,199.2
04/27/2010,NA
04/28/2010,243.3
04/29/2010,42.7
04/30/2010,71.4
05/03/2010,1668.5
05/04/2010,201.3
05/05/2010,432.4
05/06/2010,28.7
05/07/2010,54.6
05/10/2010,32.7
05/11/2010,1.3
05/12/2010,43
05/13/2010,250.9
05/14/2010,30.1
05/17/2010,5.2
05/18/2010,17.8
05/19/2010,1061.7
05/20/2010,151.6
05/21/2010,89.8
05/24/2010,77.6
05/25/2010,9
05/26/2010,521
05/27/2010,1
05/28/2010,7.1
05/31/2010,147.1
06/01/2010,287.8
06/02/2010,5
06/03/2010,39.2
06/04/2010,NA
06/07/2010,143.6
06/08/2010,21.1
06/09/2010,114.5
06/10/2010,10
06/11/2010,5
06/14/2010,14.5
06/15/2010,24.7
06/16/2010,NA
06/17/2010,31
06/18/2010,5.6
06/21/2010,116.4
06/22/2010,20.5
06/23/2010,2.6
06/24/2010,4100.6
06/25/2010,12.4
06/28/2010,NA
06/29/2010,7.6
06/30/2010,17
07/01/2010,0.5
07/02/2010,85.8
07/05/2010,7
07/06/2010,6.5
07/07/2010,3.2
07/08/2010,1074.4
07/09/2010,21.6
07/12/2010,6
07/13/2010,9.5
07/14/2010,50.6
07/15/2010,34.6
07/16/2010,19.1
07/19/2010,24
07/20/2010,7.2
07/21/2010,50.5
07/22/2010,3
07/23/2010,NA
07/26/2010,150.4
07/27/2010,469.8
07/28/2010,35.7
07/29/2010,0.2
07/30/2010,531.7
08/02/2010,20
08/03/2010,NA
08/04/2010,5.2
08/05/2010,7.5
08/06/2010,5
08/09/2010,NA
08/10/2010,0.7
08/11/2010,18.7
08/12/2010,68.7
08/13/2010,7.6
08/16/2010,NA
08/17/2010,430
08/18/2010,32.4
08/19/2010,100
08/20/2010,0.1
08/23/2010,432.7
08/24/2010,13.2
08/25/2010,1038.9
08/26/2010,99.2
08/27/2010,NA
08/30/2010,361.8
08/31/2010,36
09/01/2010,8.3
09/02/2010,38.8
09/03/2010,1936.3
09/06/2010,57.7
09/07/2010,NA
09/08/2010,6.3
09/09/2010,2008.6
09/10/2010,103.1
09/13/2010,29.8
09/14/2010,13.6
09/15/2010,64.7
09/16/2010,1.5
09/17/2010,7.4
09/20/2010,28.6
09/21/2010,21
09/22/2010,8.7
09/23/2010,6
09/24/2010,NA
09/27/2010,307.1
09/28/2010,12.1
09/29/2010,18.7
09/30/2010,38.2
10/01/2010,91.5
10/04/2010,111.3
10/05/2010,56.5
10/06/2010,37.9
10/07/2010,152.8
10/08/2010,105.9
10/11/2010,92
10/12/2010,30.9
10/13/2010,64
10/14/2010,27.9
10/15/2010,129.8
10/18/2010,114.1
10/19/2010,118.4
10/20/2010,914.8
10/21/2010,181.9
10/22/2010,994.4
10/25/2010,471.9
10/26/2010,494
10/27/2010,21.9
10/28/2010,477.6
10/29/2010,142.4
11/01/2010,6.9
11/02/2010,16.9
11/03/2010,36.6
11/04/2010,61
11/05/2010,70.8
11/08/2010,171.8
11/09/2010,104.9
11/10/2010,9.2
11/11/2010,1
11/12/2010,12.7
11/15/2010,28.3
11/16/2010,109.5
11/17/2010,446.1
11/18/2010,16.3
11/19/2010,256.6
11/22/2010,131.5
11/23/2010,220.3
11/24/2010,2.2
11/25/2010,13.8
11/26/2010,167.9
11/29/2010,7.9
11/30/2010,9.4
12/01/2010,37.1
12/02/2010,425
12/03/2010,292
12/06/2010,82.6
12/07/2010,222.5
12/08/2010,1383.4
12/09/2010,NA
12/10/2010,111.8
12/13/2010,4.7
12/14/2010,6.7
12/15/2010,6.2
12/16/2010,NA
12/17/2010,216.6
12/20/2010,12.6
12/21/2010,1335.8
12/22/2010,22.6
12/23/2010,1076.6
12/24/2010,19.6
12/27/2010,NA
12/28/2010,NA
12/29/2010,38
12/30/2010,27.3
12/31/2010,50
01/03/2011,8.7
01/04/2011,554.3
01/05/2011,433.9
01/06/2011,6
01/07/2011,34.5
01/10/2011,28.7
01/11/2011,21.2
01/12/2011,3.5
01/13/2011,101.3
01/14/2011,24.5
01/17/2011,0.1
01/18/2011,4.2
01/19/2011,6.3
01/20/2011,66
01/21/2011,1
01/24/2011,5.6
01/25/2011,85.2
01/26/2011,206.7
01/27/2011,13.7
01/28/2011,6.6
01/31/2011,121.2
02/01/2011,964
02/02/2011,1796.9
02/03/2011,22.4
02/04/2011,1068.7
02/07/2011,308.1
02/08/2011,300.5
02/09/2011,85.9
02/10/2011,100
02/11/2011,11.8
02/14/2011,38
02/15/2011,8.5
02/16/2011,223.2
02/17/2011,24.5
02/18/2011,NA
02/21/2011,34.2
02/22/2011,9.3
02/23/2011,68.1
02/24/2011,26.3
02/25/2011,6.9
02/28/2011,7.8
03/01/2011,218.3
03/02/2011,237.7
03/03/2011,11.2
03/04/2011,68
03/07/2011,22.5
03/08/2011,31.2
03/09/2011,10.9
03/10/2011,6.1
03/11/2011,21
03/14/2011,43.8
03/15/2011,54.1
03/16/2011,118.3
03/17/2011,22.9
03/18/2011,22.3
03/21/2011,NA
03/22/2011,260.7
03/23/2011,362.2
03/24/2011,78.9
03/25/2011,3
03/28/2011,8
03/29/2011,4
03/30/2011,5.6
03/31/2011,7.1
04/01/2011,NA
04/04/2011,65.1
04/05/2011,36.2
04/06/2011,237.9
04/07/2011,63.8
04/08/2011,8.1
04/11/2011,13.4
04/12/2011,47.7
04/13/2011,41.1
04/14/2011,44.5
04/15/2011,121.8
04/18/2011,34.4
04/19/2011,268
04/20/2011,1.6
04/21/2011,58
04/22/2011,NA
04/25/2011,NA
04/26/2011,35.6
04/27/2011,NA
04/28/2011,124.6
04/29/2011,18.5
05/02/2011,NA
05/03/2011,41.3
05/04/2011,200.6
05/05/2011,56
05/06/2011,199.6
05/09/2011,21.3
05/10/2011,84.8
05/11/2011,27.7
05/12/2011,147.2
05/13/2011,1
05/16/2011,10.7
05/17/2011,19.2
05/18/2011,NA
05/19/2011,683.6
05/20/2011,60.3
05/23/2011,32.1
05/24/2011,488.2
05/25/2011,6.5
05/26/2011,11.8
05/27/2011,325.5
05/30/2011,193.4
05/31/2011,104.9
06/01/2011,180.6
06/02/2011,36.6
06/03/2011,35.3
06/06/2011,147.1
06/07/2011,78.3
06/08/2011,134.1
06/09/2011,196.5
06/10/2011,1641.2
06/13/2011,1576.1
06/14/2011,426.4
06/15/2011,49
06/16/2011,NA
06/17/2011,17.8
06/20/2011,28.4
06/21/2011,220.6
06/22/2011,11
06/23/2011,137.2
06/24/2011,124.2
06/27/2011,25.7
06/28/2011,125.2
06/29/2011,684.6
06/30/2011,87.5
07/01/2011,152.2
07/04/2011,35
07/05/2011,54.8
07/06/2011,NA
07/07/2011,36.5
07/08/2011,70.6
07/11/2011,573.7
07/12/2011,21.2
07/13/2011,101.4
07/14/2011,56.6
07/15/2011,5.7
07/18/2011,9.6
07/19/2011,15.9
07/20/2011,41
07/21/2011,29.5
07/22/2011,15.3
07/25/2011,77.9
07/26/2011,34.5
07/27/2011,31.8
07/28/2011,27.5
07/29/2011,1.9
08/01/2011,116.5
08/02/2011,2.4
08/03/2011,132
08/04/2011,576.8
08/05/2011,118.7
08/08/2011,24.2
08/09/2011,NA
08/10/2011,433.7
08/11/2011,320.8
08/12/2011,13.9
08/15/2011,60.6
08/16/2011,300.5
08/17/2011,129.2
08/18/2011,29
08/19/2011,17.2
08/22/2011,7.2
08/23/2011,NA
08/24/2011,0.8
08/25/2011,2
08/26/2011,2
08/29/2011,244.4
08/30/2011,75.5
08/31/2011,15
09/01/2011,11.4
09/02/2011,17.8
09/05/2011,42.3
09/06/2011,39
09/07/2011,302.2
09/08/2011,576.5
09/09/2011,44.8
09/12/2011,1697.3
09/13/2011,82.5
09/14/2011,50.8
09/15/2011,12.9
09/16/2011,39.6
09/19/2011,7.6
09/20/2011,521.5
09/21/2011,112.7
09/22/2011,35
09/23/2011,17.7
09/26/2011,57.8
09/27/2011,194.2
09/28/2011,183.9
09/29/2011,1.2
09/30/2011,7.1
10/03/2011,3.6
10/04/2011,20.6
10/05/2011,61.2
10/06/2011,105.2
10/07/2011,22
10/10/2011,31.3
10/11/2011,434.9
10/12/2011,3.5
10/13/2011,29.8
10/14/2011,56.4
10/17/2011,93
10/18/2011,11.8
10/19/2011,46
10/20/2011,354
10/21/2011,154
10/24/2011,88.4
10/25/2011,0.4
10/26/2011,3.1
10/27/2011,19.8
10/28/2011,61.6
10/31/2011,150.2
11/01/2011,6.5
11/02/2011,38.8
11/03/2011,450.9
11/04/2011,315.3
11/07/2011,274.4
11/08/2011,478.7
11/09/2011,537.1
11/10/2011,163.9
11/11/2011,54.8
11/14/2011,37.8
11/15/2011,607.2
11/16/2011,687.3
11/17/2011,3
11/18/2011,247.7
11/21/2011,32.4
11/22/2011,15.5
11/23/2011,0.7
11/24/2011,41
11/25/2011,55.3
11/28/2011,0.1
11/29/2011,10.7
11/30/2011,58.8
12/01/2011,60.3
12/02/2011,36.7
12/05/2011,134.3
12/06/2011,54.1
12/07/2011,168.5
12/08/2011,141.7
12/09/2011,475.1
12/12/2011,490.9
12/13/2011,5.6
12/14/2011,3.1
12/15/2011,36.9
12/16/2011,NA
12/19/2011,12.7
12/20/2011,35.6
12/21/2011,12.2
12/22/2011,4
12/23/2011,NA
12/26/2011,NA
12/27/2011,NA
12/28/2011,3.4
12/29/2011,1.5
12/30/2011,20.6
01/02/2012,NA
01/03/2012,NA
01/04/2012,761.4
01/05/2012,162.2
01/06/2012,75.8
01/09/2012,NA
01/10/2012,NA
01/11/2012,5
01/12/2012,3.5
01/13/2012,32.2
01/16/2012,10.2
01/17/2012,103.6
01/18/2012,230.5
01/19/2012,31.5
01/20/2012,8
01/23/2012,18.9
01/24/2012,10.3
01/25/2012,33.1
01/26/2012,NA
01/27/2012,154.2
01/30/2012,121.2
01/31/2012,82.1
02/01/2012,12.2
02/02/2012,5.3
02/03/2012,8.8
02/06/2012,1.3
02/07/2012,NA
02/08/2012,32.3
02/09/2012,4
02/10/2012,6
02/13/2012,2.2
02/14/2012,3
02/15/2012,32.6
02/16/2012,158.8
02/17/2012,107.5
02/20/2012,2.3
02/21/2012,10
02/22/2012,NA
02/23/2012,2.6
02/24/2012,3.9
02/27/2012,36.6
02/28/2012,15.3
02/29/2012,98.8
03/01/2012,354
03/02/2012,25.8
03/05/2012,18.4
03/06/2012,4.1
03/07/2012,0.1
03/08/2012,22.3
03/09/2012,19
03/12/2012,26
03/13/2012,202.5
03/14/2012,6.2
03/15/2012,17.4
03/16/2012,28.3
03/19/2012,7.8
03/20/2012,74.8
03/21/2012,NA
03/22/2012,17.7
03/23/2012,42
03/26/2012,3.1
03/27/2012,7.8
03/28/2012,NA
03/29/2012,11
03/30/2012,NA
04/02/2012,177.3
04/03/2012,11
04/04/2012,19.1
04/05/2012,19.1
04/06/2012,NA
04/09/2012,NA
04/10/2012,217
04/11/2012,59.3
04/12/2012,170.3
04/13/2012,285.1
04/16/2012,24.6
04/17/2012,1.7
04/18/2012,32.5
04/19/2012,38.6
04/20/2012,13.6
04/23/2012,336
04/24/2012,13
04/25/2012,NA
04/26/2012,7.8
04/27/2012,NA
04/30/2012,3.1
05/01/2012,NA
05/02/2012,26.8
05/03/2012,17.8
05/04/2012,161.9
05/07/2012,37.1
05/08/2012,16.5
05/09/2012,25.4
05/10/2012,197.5
05/11/2012,22.9
05/14/2012,15.3
05/15/2012,8.4
05/16/2012,6.6
05/17/2012,606
05/18/2012,14.6
05/21/2012,58.2
05/22/2012,5
05/23/2012,11.5
05/24/2012,12.2
05/25/2012,330.3
05/28/2012,1
05/29/2012,12.9
05/30/2012,38.8
05/31/2012,11.2
06/01/2012,101.1
06/04/2012,37.2
06/05/2012,12.7
06/06/2012,1.5
06/07/2012,NA
06/08/2012,NA
06/11/2012,48.4
06/12/2012,0.7
06/13/2012,9.9
06/14/2012,39.8
06/15/2012,0.1
06/18/2012,1
06/19/2012,NA
06/20/2012,NA
06/21/2012,14
06/22/2012,593
06/25/2012,20.4
06/26/2012,21
06/27/2012,79.4
06/28/2012,3.6
06/29/2012,20.5
07/02/2012,6
07/03/2012,1.9
07/04/2012,311.1
07/05/2012,63.1
07/06/2012,2.6
07/09/2012,46.2
07/10/2012,25.4
07/11/2012,22.2
07/12/2012,196.6
07/13/2012,1261.7
07/16/2012,NA
07/17/2012,32
07/18/2012,66.8
07/19/2012,4.2
07/20/2012,89
07/23/2012,1215.8
07/24/2012,13.5
07/25/2012,38.1
07/26/2012,2.6
07/27/2012,84.5
07/30/2012,96.2
07/31/2012,184.3
08/01/2012,32.4
08/02/2012,23.5
08/03/2012,2
08/06/2012,21.5
08/07/2012,42.8
08/08/2012,41.1
08/09/2012,NA
08/10/2012,5.4
08/13/2012,2
08/14/2012,5.7
08/15/2012,26.2
08/16/2012,3
08/17/2012,4.6
08/20/2012,1.5
08/21/2012,33.1
08/22/2012,29.2
08/23/2012,86.2
08/24/2012,32.2
08/27/2012,84.8
08/28/2012,1.5
08/29/2012,5.5
08/30/2012,7.8
08/31/2012,NA
09/03/2012,144.4
09/04/2012,4.3
09/05/2012,45.5
09/06/2012,10
09/07/2012,334.9
09/10/2012,47.9
09/11/2012,3.9
09/12/2012,NA
09/13/2012,2510.8
09/14/2012,794.8
09/17/2012,374.6
09/18/2012,10.8
09/19/2012,15.1
09/20/2012,11.4
09/21/2012,NA
09/24/2012,NA
09/25/2012,454.9
09/26/2012,882
09/27/2012,1.3
09/28/2012,18.5
10/01/2012,10.1
10/02/2012,79
10/03/2012,260.9
10/04/2012,2.5
10/05/2012,1
10/08/2012,4.3
10/09/2012,129.4
10/10/2012,43
10/11/2012,101.4
10/12/2012,365.5
10/15/2012,90.6
10/16/2012,193
10/17/2012,47.1
10/18/2012,240.9
10/19/2012,2436
10/22/2012,48
10/23/2012,16.2
10/24/2012,NA
10/25/2012,8.8
10/26/2012,43.1
10/29/2012,61.8
10/30/2012,30.6
10/31/2012,NA
11/01/2012,25.9
11/02/2012,10.4
11/05/2012,2.8
11/06/2012,0.2
11/07/2012,9.3
11/08/2012,22.8
11/09/2012,12.2
11/12/2012,5
11/13/2012,29.6
11/14/2012,9.9
11/15/2012,17.4
11/16/2012,61.2
11/19/2012,7.5
11/20/2012,78.5
11/21/2012,6.5
11/22/2012,303.7
11/23/2012,4.1
11/26/2012,13.9
11/27/2012,46.9
11/28/2012,9.2
11/29/2012,489.6
11/30/2012,12.6
12/03/2012,51.8
12/04/2012,71.7
12/05/2012,8.6
12/06/2012,26
12/07/2012,3.9
12/10/2012,10
12/11/2012,4.4
12/12/2012,151.3
12/13/2012,28.5
12/14/2012,59.6
12/17/2012,NA
12/18/2012,22.2
12/19/2012,13.5
12/20/2012,45.2
12/21/2012,41.9
12/24/2012,11.5
12/25/2012,NA
12/26/2012,NA
12/27/2012,59.8
12/28/2012,14
12/31/2012,48.9
